"fin" "slice" "csa" "second_moment_min" "second_moment_max"
"Aligned_ray1_d" 7 0.19885024 0.001362274 0.010891603
"Aligned_ray1_d" 8 0.18991984 0.001285267 0.010438798
"Aligned_ray1_d" 9 0.18277552 0.001192479 0.010296228
"Aligned_ray1_d" 10 0.1756312 0.001070505 0.010065351
"Aligned_ray1_d" 11 0.17622656 0.001099721 0.009935019
"Aligned_ray1_d" 12 0.17444048 0.001022099 0.010016242
"Aligned_ray1_d" 13 0.17920336 0.001068803 0.010435892
"Aligned_ray1_d" 14 0.18218016 0.001090796 0.010548823
"Aligned_ray1_d" 15 0.17622656 0.000954252 0.009643098
"Aligned_ray1_d" 16 0.13216992 0.000539897 0.005267118
"Aligned_ray1_d" 17 0.06429888 0.000148148 0.00140551
"Aligned_ray1_d" 18 0.01905152 1.3648e-05 0.000104747
"Aligned_ray1_d" 19 0.03988912 5.1384e-05 0.000609974
"Aligned_ray1_d" 20 0.13038384 0.000543612 0.005931991
"Aligned_ray1_d" 21 0.19468272 0.001224354 0.010700074
"Aligned_ray1_d" 22 0.19825488 0.001285382 0.011353368
"Aligned_ray1_d" 23 0.19230128 0.001261224 0.010923629
"Aligned_ray1_d" 24 0.18932448 0.001190726 0.010570887
"Aligned_ray1_d" 25 0.1875384 0.001130133 0.010645135
"Aligned_ray1_d" 26 0.1905152 0.001199935 0.010814889
"Aligned_ray1_d" 27 0.1964688 0.001312668 0.010751048
"Aligned_ray1_d" 28 0.18515696 0.001239189 0.009228332
"Aligned_ray1_d" 29 0.12443024 0.000693135 0.004123478
"Aligned_ray1_d" 30 0.0357216 6.7173e-05 0.000435442
"Aligned_ray1_d" 31 0.02440976 3.2037e-05 8.834e-05
"Aligned_ray1_d" 32 0.08156432 0.000208404 0.002603065
"Aligned_ray1_d" 33 0.1577704 0.000698831 0.007220022
"Aligned_ray1_d" 34 0.18872912 0.001118269 0.00978783
"Aligned_ray1_d" 35 0.19170592 0.001285777 0.010232543
"Aligned_ray1_d" 36 0.18813376 0.001280879 0.010234797
"Aligned_ray1_d" 37 0.18515696 0.001201001 0.009957751
"Aligned_ray1_d" 38 0.17324976 0.000969529 0.009386372
"Aligned_ray1_d" 39 0.1726544 0.000980626 0.009375653
"Aligned_ray1_d" 40 0.16908224 0.000936668 0.009371861
"Aligned_ray1_d" 41 0.16729616 0.000910898 0.008955628
"Aligned_ray1_d" 42 0.16312864 0.000805246 0.008952907
"Aligned_ray1_d" 43 0.15836576 0.000745689 0.008633229
"Aligned_ray1_d" 44 0.16015184 0.000745427 0.009027856
"Aligned_ray1_d" 45 0.16729616 0.000836586 0.009413435
"Aligned_ray1_d" 46 0.1696776 0.000871779 0.009212399
"Aligned_ray1_d" 47 0.16848688 0.000920785 0.008339204
"Aligned_ray1_d" 48 0.1518168 0.000788882 0.00622099
"Aligned_ray1_d" 49 0.10359264 0.00036195 0.00283235
"Aligned_ray1_d" 50 0.04643808 0.000116719 0.000454656
"Aligned_ray1_d" 51 0.03453088 4.4505e-05 0.00080348
"Aligned_ray1_d" 52 0.1131184 0.000428418 0.0057882
"Aligned_ray1_d" 53 0.19111056 0.001162578 0.009943458
"Aligned_ray1_d" 54 0.20361312 0.001312436 0.01063775
"Aligned_ray1_d" 55 0.20004096 0.001291602 0.010529355
"Aligned_ray1_d" 56 0.19170592 0.00115983 0.010163769
"Aligned_ray1_d" 57 0.18396624 0.001076171 0.009956072
"Aligned_ray1_d" 58 0.17682192 0.001002065 0.009706083
"Aligned_ray1_d" 59 0.18277552 0.001033108 0.010549182
"Aligned_ray1_d" 60 0.19111056 0.001188109 0.011166919
"Aligned_ray1_d" 61 0.20182704 0.001326495 0.011509159
"Aligned_ray1_d" 62 0.19468272 0.001230042 0.010611248
"Aligned_ray1_d" 63 0.14884 0.000816513 0.00647968
"Aligned_ray1_d" 64 0.0535824 0.000111103 0.000813918
"Aligned_ray1_d" 65 0.02024224 1.4829e-05 9.8864e-05
"Aligned_ray1_d" 66 0.05715456 0.000124479 0.00076607
"Aligned_ray1_d" 67 0.14467248 0.000733295 0.005672773
"Aligned_ray1_d" 68 0.20182704 0.001378251 0.009913772
"Aligned_ray1_d" 69 0.21373424 0.001602045 0.011306302
"Aligned_ray1_d" 70 0.20361312 0.001475362 0.010722947
"Aligned_ray1_d" 71 0.18694304 0.001231392 0.009953708
"Aligned_ray1_d" 72 0.178608 0.001143709 0.009264582
"Aligned_ray1_d" 73 0.1726544 0.001120258 0.008961057
"Aligned_ray1_d" 74 0.17324976 0.001089691 0.00895509
"Aligned_ray1_d" 75 0.1756312 0.001095958 0.008858559
"Aligned_ray1_d" 76 0.18694304 0.001299111 0.009605326
"Aligned_ray1_d" 77 0.20004096 0.001465811 0.010267039
"Aligned_ray1_d" 78 0.19885024 0.001433535 0.009863712
"Aligned_ray1_d" 79 0.17979872 0.001204322 0.007889436
"Aligned_ray1_d" 80 0.09763904 0.000499934 0.002592377
"Aligned_ray1_d" 81 0.029768 5.7832e-05 0.000142914
"Aligned_ray1_d" 82 0.04881952 0.000143606 0.000399117
"Aligned_ray1_d" 83 0.119072 0.000651077 0.003112521
"Aligned_ray1_d" 84 0.17741728 0.00119695 0.006989225
"Aligned_ray1_d" 85 0.20480384 0.001659789 0.009168158
"Aligned_ray1_d" 86 0.20361312 0.001623941 0.009670176
"Aligned_ray1_d" 87 0.193492 0.001511165 0.009266339
"Aligned_ray1_d" 88 0.18575232 0.001320099 0.008883435
"Aligned_ray1_d" 89 0.18337088 0.001277024 0.008807683
"Aligned_ray1_d" 90 0.18813376 0.001359703 0.00920886
"Aligned_ray1_d" 91 0.19825488 0.001489773 0.009834706
"Aligned_ray1_d" 92 0.20004096 0.001522398 0.009659463
"Aligned_ray1_d" 93 0.19706416 0.001541357 0.008638519
"Aligned_ray1_d" 94 0.15419824 0.000932528 0.005468594
"Aligned_ray1_d" 95 0.07561072 0.000214907 0.001434223
"Aligned_ray1_d" 96 0.02560048 4.6577e-05 8.9551e-05
"Aligned_ray1_d" 97 0.05596384 0.000130866 0.000785199
"Aligned_ray1_d" 98 0.1428864 0.000845808 0.004540737
"Aligned_ray1_d" 99 0.19587344 0.001569712 0.007428977
"Aligned_ray1_d" 100 0.20480384 0.001730504 0.008533142
"Aligned_ray1_d" 101 0.19765952 0.001620906 0.00864656
"Aligned_ray1_d" 102 0.18396624 0.001390596 0.0079382
"Aligned_ray1_d" 103 0.17503584 0.001311127 0.007507164
"Aligned_ray1_d" 104 0.1726544 0.001234592 0.007396398
"Aligned_ray1_d" 105 0.17205904 0.001224245 0.007359484
"Aligned_ray1_d" 106 0.17444048 0.001248237 0.007593492
"Aligned_ray1_d" 107 0.17801264 0.001269376 0.007902699
"Aligned_ray1_d" 108 0.18991984 0.001427749 0.008836027
"Aligned_ray1_d" 109 0.19468272 0.001538603 0.008544322
"Aligned_ray1_d" 110 0.18813376 0.001497995 0.007631554
"Aligned_ray1_d" 111 0.15062608 0.001062348 0.00449805
"Aligned_ray1_d" 112 0.08156432 0.00038217 0.001843002
"Aligned_ray1_d" 113 0.02500512 4.1359e-05 0.000158637
"Aligned_ray1_d" 114 0.06787104 0.000232525 0.000875565
"Aligned_ray1_d" 115 0.13931424 0.000850405 0.00347172
"Aligned_ray1_d" 116 0.18277552 0.001323602 0.006463378
"Aligned_ray1_d" 117 0.20063632 0.001702144 0.008114666
"Aligned_ray1_d" 118 0.20301776 0.001749175 0.008722688
"Aligned_ray1_d" 119 0.20480384 0.001805824 0.009070477
"Aligned_ray1_d" 120 0.193492 0.001555875 0.008611144
"Aligned_ray1_d" 121 0.19230128 0.001600329 0.008223258
"Aligned_ray1_d" 122 0.18932448 0.001584032 0.008108127
"Aligned_ray1_d" 123 0.19706416 0.001711296 0.008566153
"Aligned_ray1_d" 124 0.20420848 0.001862476 0.008781722
"Aligned_ray1_d" 125 0.20182704 0.001907775 0.00799454
"Aligned_ray1_d" 126 0.1815848 0.001463993 0.006310853
"Aligned_ray1_d" 127 0.12859776 0.000824915 0.003024284
"Aligned_ray1_d" 128 0.06013136 0.00021141 0.000747727
"Aligned_ray1_d" 129 0.029768 4.6056e-05 0.000462866
"Aligned_ray1_d" 130 0.09347152 0.000517575 0.001466751
"Aligned_ray1_d" 131 0.17682192 0.001602295 0.005673712
"Aligned_ray1_d" 132 0.208376 0.002030107 0.007863102
"Aligned_ray1_d" 133 0.21313888 0.002126622 0.008616675
"Aligned_ray1_d" 134 0.20480384 0.001965022 0.00848661
"Aligned_ray1_d" 135 0.19170592 0.001756662 0.007774366
"Aligned_ray1_d" 136 0.1905152 0.001745496 0.007952329
"Aligned_ray1_d" 137 0.19527808 0.00174018 0.008346998
"Aligned_ray1_d" 138 0.20063632 0.001863669 0.008506366
"Aligned_ray1_d" 139 0.21075744 0.002037302 0.009248533
"Aligned_ray1_d" 140 0.21194816 0.0020905 0.008889222
"Aligned_ray1_d" 141 0.20182704 0.001907572 0.007633562
"Aligned_ray1_d" 142 0.133956 0.000902191 0.003354228
"Aligned_ray1_d" 143 0.06429888 0.000252909 0.000574385
"Aligned_ray1_d" 144 0.03095872 4.7902e-05 0.000212087
"Aligned_ray1_d" 145 0.07203856 0.000230024 0.001142502
"Aligned_ray1_d" 146 0.15122144 0.00099051 0.00460994
"Aligned_ray1_d" 147 0.22564144 0.002254872 0.009169436
"Aligned_ray1_d" 148 0.23278576 0.002366183 0.010072534
"Aligned_ray1_d" 149 0.22326 0.002186429 0.009514142
"Aligned_ray1_d" 150 0.21194816 0.002015671 0.008799799
"Aligned_ray1_d" 151 0.20778064 0.001942736 0.008692369
"Aligned_ray1_d" 152 0.20718528 0.001953725 0.008782002
"Aligned_ray1_d" 153 0.208376 0.001995589 0.00868769
"Aligned_ray1_d" 154 0.208376 0.002019843 0.008496152
"Aligned_ray1_d" 155 0.208376 0.00195994 0.008107173
"Aligned_ray1_d" 156 0.19587344 0.001658934 0.007136347
"Aligned_ray1_d" 157 0.17444048 0.001304398 0.005904205
"Aligned_ray1_d" 158 0.14943536 0.000894234 0.004697673
"Aligned_ray1_d" 159 0.15300752 0.000963111 0.004575062
"Aligned_ray1_d" 160 0.17801264 0.001389983 0.00560951
"Aligned_ray1_d" 161 0.19885024 0.001827262 0.006397884
"Aligned_ray1_d" 162 0.21194816 0.002191802 0.007133872
"Aligned_ray1_d" 163 0.21671104 0.002377715 0.007400288
"Aligned_ray1_d" 164 0.208376 0.002170187 0.007137505
"Aligned_ray1_d" 165 0.19706416 0.002034074 0.006911933
"Aligned_ray1_d" 166 0.19289664 0.002050665 0.006896571
"Aligned_ray1_d" 167 0.20420848 0.00214293 0.006863416
"Aligned_ray1_d" 168 0.21016208 0.00226178 0.007163585
"Aligned_ray1_d" 169 0.2173064 0.002467064 0.00735447
"Aligned_ray1_d" 170 0.21552032 0.002366979 0.007227343
"Aligned_ray1_d" 171 0.20063632 0.001943274 0.006489144
"Aligned_ray1_d" 172 0.18396624 0.001595743 0.005685087
"Aligned_ray1_d" 173 0.18039408 0.001504382 0.005444252
"Aligned_ray1_d" 174 0.19527808 0.001739384 0.006158776
"Aligned_ray1_d" 175 0.20658992 0.001940014 0.00688363
"Aligned_ray1_d" 176 0.2113528 0.002063426 0.007245133
"Aligned_ray1_d" 177 0.20123168 0.001914619 0.006976298
"Aligned_ray1_d" 178 0.19587344 0.001809465 0.006741189
"Aligned_ray1_d" 179 0.18694304 0.001636419 0.006340688
"Aligned_ray1_d" 180 0.18575232 0.001605273 0.006215951
"Aligned_ray1_d" 181 0.18575232 0.001574855 0.006417989
"Aligned_ray1_d" 182 0.18575232 0.001576335 0.006212094
"Aligned_ray1_d" 183 0.18575232 0.00163404 0.005989398
"Aligned_ray1_d" 184 0.19468272 0.001923346 0.006073899
"Aligned_ray1_d" 185 0.19527808 0.001985827 0.005690696
"Aligned_ray1_d" 186 0.18337088 0.001847998 0.004839436
"Aligned_ray1_d" 187 0.1309792 0.001028742 0.002614293
"Aligned_ray1_d" 188 0.06132208 0.000211708 0.000538481
"Aligned_ray1_d" 189 0.04703344 0.000137698 0.000254777
"Aligned_ray1_d" 190 0.09882976 0.000683766 0.001210172
"Aligned_ray1_d" 191 0.1607472 0.001601246 0.002962349
"Aligned_ray1_d" 192 0.19408736 0.00217951 0.004629844
"Aligned_ray1_d" 193 0.20301776 0.002362052 0.005450257
"Aligned_ray1_d" 194 0.20301776 0.002286281 0.005723854
"Aligned_ray1_d" 195 0.20123168 0.002197154 0.005736361
"Aligned_ray1_d" 196 0.2024224 0.002233864 0.005728461
"Aligned_ray1_d" 197 0.2053992 0.002255816 0.005973329
"Aligned_ray1_d" 198 0.21016208 0.002318706 0.006284126
"Aligned_ray1_d" 199 0.2143296 0.002407619 0.006392691
"Aligned_ray1_d" 200 0.2053992 0.002205692 0.005940839
"Aligned_ray1_d" 201 0.19587344 0.002033321 0.005495434
"Aligned_ray1_d" 202 0.20182704 0.002119119 0.005703317
"Aligned_ray1_d" 203 0.21016208 0.002435795 0.005865491
"Aligned_ray1_d" 204 0.22385536 0.002847378 0.006543712
"Aligned_ray1_d" 205 0.22385536 0.002842136 0.006453348
"Aligned_ray1_d" 206 0.22266464 0.002926705 0.006204946
"Aligned_ray1_d" 207 0.21671104 0.002861056 0.005542547
"Aligned_ray1_d" 208 0.18991984 0.002349063 0.004113542
"Aligned_ray1_d" 209 0.14884 0.00157856 0.002425882
"Aligned_ray1_d" 210 0.07620608 0.000426266 0.000736235
"Aligned_ray1_d" 211 0.06906176 0.000302191 0.000815431
"Aligned_ray1_d" 212 0.13633744 0.001062967 0.002266451
"Aligned_ray1_d" 213 0.1815848 0.001831493 0.004248068
"Aligned_ray1_d" 214 0.2053992 0.00239241 0.005249892
"Aligned_ray1_d" 215 0.2173064 0.002702121 0.005836837
"Aligned_ray1_d" 216 0.21313888 0.00264968 0.005722274
"Aligned_ray1_d" 217 0.20480384 0.002481629 0.005527453
"Aligned_ray1_d" 218 0.20599456 0.002573533 0.005607774
"Aligned_ray1_d" 219 0.20599456 0.002640577 0.005777024
"Aligned_ray1_d" 220 0.20599456 0.002685778 0.00558773
"Aligned_ray1_d" 221 0.20123168 0.002838019 0.005323269
"Aligned_ray1_d" 222 0.18337088 0.002598419 0.004489711
"Aligned_ray1_d" 223 0.15896112 0.00206116 0.003848374
"Aligned_ray1_d" 224 0.14705392 0.001802057 0.003269057
"Aligned_ray1_d" 225 0.15122144 0.002197952 0.003081917
"Aligned_ray1_d" 226 0.16431936 0.002427288 0.00358084
"Aligned_ray1_d" 227 0.16908224 0.002478859 0.004034094
"Aligned_ray1_d" 228 0.17503584 0.002599333 0.004466213
"Aligned_ray1_d" 229 0.17741728 0.002599429 0.004581515
"Aligned_ray1_d" 230 0.17682192 0.002504791 0.004527423
"Aligned_ray1_d" 231 0.16908224 0.002454123 0.004275153
"Aligned_ray1_d" 232 0.17205904 0.002643912 0.004721049
"Aligned_ray1_d" 233 0.15836576 0.002553139 0.00458695
"Aligned_ray1_d" 234 0.13752816 0.002266193 0.004083469
"Aligned_ray1_d" 235 0.11788128 0.001805194 0.003783557
"Aligned_ray1_d" 236 0.11549984 0.001626516 0.003721928
"Aligned_ray1_d" 237 0.11966736 0.00166138 0.004220188
"Aligned_ray1_d" 238 0.12443024 0.001903716 0.004202942
"Aligned_ray1_d" 239 0.13752816 0.002136586 0.004710965
"Aligned_ray1_d" 240 0.14824464 0.002399553 0.005109383
"Aligned_ray1_d" 241 0.14526784 0.002118136 0.004716252
"Aligned_ray1_d" 242 0.15955648 0.002226078 0.005018521
"Aligned_ray1_d" 243 0.16551008 0.002302631 0.004732668
"Aligned_ray1_d" 244 0.17682192 0.002359455 0.005073752
"Aligned_ray1_d" 245 0.19170592 0.002596025 0.005434123
"Aligned_ray1_d" 246 0.18991984 0.002738114 0.005155009
"Aligned_ray1_d" 247 0.17324976 0.002712186 0.004647745
"Aligned_ray1_d" 248 0.15836576 0.002513367 0.004752485
"Aligned_ray1_d" 249 0.14645856 0.002276292 0.004594289
"Aligned_ray1_d" 250 0.13574208 0.002149533 0.004301421
"Aligned_ray1_d" 251 0.14764928 0.002391576 0.004629692
"Aligned_ray1_d" 252 0.16908224 0.002588912 0.005435464
"Aligned_ray1_d" 253 0.17503584 0.002633212 0.005241138
"Aligned_ray1_d" 254 0.17920336 0.002532162 0.005195434
"Aligned_ray1_d" 255 0.17027296 0.002392353 0.005018558
"Aligned_ray1_d" 256 0.15657968 0.002236244 0.004543401
"Aligned_ray1_d" 257 0.15419824 0.002268615 0.004257904
"Aligned_ray1_d" 258 0.15419824 0.002207254 0.004155953
"Aligned_ray1_d" 259 0.16193792 0.002423006 0.0044467
"Aligned_ray1_d" 260 0.1518168 0.002381522 0.004052568
"Aligned_ray1_d" 261 0.15003072 0.002367356 0.004054311
"Aligned_ray1_d" 262 0.14943536 0.002293354 0.00397587
"Aligned_ray1_d" 263 0.14467248 0.002033683 0.003870462
"Aligned_ray1_d" 264 0.14884 0.002118326 0.004071115
"Aligned_ray1_d" 265 0.15598432 0.002268061 0.004232066
"Aligned_ray1_d" 266 0.15657968 0.002267262 0.004147488
"Aligned_ray1_d" 267 0.15598432 0.00213535 0.00426767
"Aligned_ray1_d" 268 0.15003072 0.001921654 0.004008735
"Aligned_ray1_d" 269 0.14764928 0.001741253 0.003816603
"Aligned_ray1_d" 270 0.1428864 0.001616752 0.003725925
"Aligned_ray1_d" 271 0.1458632 0.001630579 0.003771342
"Aligned_ray1_v" 17 0.23635792 0.001774242 0.017462776
"Aligned_ray1_v" 18 0.22980896 0.001716238 0.017229379
"Aligned_ray1_v" 19 0.22564144 0.001720597 0.017185778
"Aligned_ray1_v" 20 0.22504608 0.001668448 0.0168869
"Aligned_ray1_v" 21 0.23040432 0.00173349 0.017374116
"Aligned_ray1_v" 22 0.23397648 0.001763423 0.016848071
"Aligned_ray1_v" 23 0.20182704 0.001349428 0.011682703
"Aligned_ray1_v" 24 0.11430912 0.000617563 0.003840381
"Aligned_ray1_v" 25 0.02024224 4.1165e-05 0.000154271
"Aligned_ray1_v" 26 0.03631696 6.0178e-05 0.000445169
"Aligned_ray1_v" 27 0.1160952 0.000504752 0.005833636
"Aligned_ray1_v" 28 0.20956672 0.00141768 0.014305179
"Aligned_ray1_v" 29 0.24052544 0.001945636 0.017173399
"Aligned_ray1_v" 30 0.23635792 0.001906093 0.016990837
"Aligned_ray1_v" 31 0.22385536 0.00180033 0.015924185
"Aligned_ray1_v" 32 0.21849712 0.001737152 0.015973131
"Aligned_ray1_v" 33 0.20718528 0.001535869 0.014552214
"Aligned_ray1_v" 34 0.21373424 0.001576288 0.015338971
"Aligned_ray1_v" 35 0.21194816 0.001597868 0.015569927
"Aligned_ray1_v" 36 0.2173064 0.00164367 0.015958328
"Aligned_ray1_v" 37 0.22266464 0.00172172 0.016307611
"Aligned_ray1_v" 38 0.22742752 0.001828062 0.016510871
"Aligned_ray1_v" 39 0.2292136 0.001877377 0.016151003
"Aligned_ray1_v" 40 0.21552032 0.001571464 0.013828079
"Aligned_ray1_v" 41 0.18932448 0.001141168 0.01010442
"Aligned_ray1_v" 42 0.16015184 0.000967938 0.005338265
"Aligned_ray1_v" 43 0.11966736 0.000625341 0.002669051
"Aligned_ray1_v" 44 0.0773968 0.00023566 0.003534408
"Aligned_ray1_v" 45 0.11371376 0.000546105 0.003549678
"Aligned_ray1_v" 46 0.13871888 0.000795497 0.003653452
"Aligned_ray1_v" 47 0.20182704 0.0014813 0.012498984
"Aligned_ray1_v" 48 0.24826512 0.002006918 0.017703384
"Aligned_ray1_v" 49 0.24588368 0.002002451 0.018038501
"Aligned_ray1_v" 50 0.23457184 0.001848016 0.017069159
"Aligned_ray1_v" 51 0.23159504 0.00177539 0.016792007
"Aligned_ray1_v" 52 0.22980896 0.001757958 0.017595137
"Aligned_ray1_v" 53 0.23159504 0.001789323 0.018164114
"Aligned_ray1_v" 54 0.238144 0.00187203 0.017867223
"Aligned_ray1_v" 55 0.238144 0.001811302 0.016920186
"Aligned_ray1_v" 56 0.1994456 0.001435554 0.011020481
"Aligned_ray1_v" 57 0.10299728 0.000705564 0.002932232
"Aligned_ray1_v" 58 0.02798192 6.05e-05 0.00026219
"Aligned_ray1_v" 59 0.0267912 3.1213e-05 0.000198894
"Aligned_ray1_v" 60 0.12443024 0.000470597 0.007195877
"Aligned_ray1_v" 61 0.22564144 0.001601749 0.015038296
"Aligned_ray1_v" 62 0.25124192 0.002069195 0.017680598
"Aligned_ray1_v" 63 0.24886048 0.002109129 0.017479706
"Aligned_ray1_v" 64 0.23695328 0.001890644 0.016449407
"Aligned_ray1_v" 65 0.2262368 0.001830852 0.015926248
"Aligned_ray1_v" 66 0.22087856 0.00167377 0.015540933
"Aligned_ray1_v" 67 0.22385536 0.001789297 0.015836782
"Aligned_ray1_v" 68 0.22861824 0.001761312 0.016070387
"Aligned_ray1_v" 69 0.23695328 0.001931773 0.016635261
"Aligned_ray1_v" 70 0.2470744 0.002121621 0.017460994
"Aligned_ray1_v" 71 0.2500512 0.002097278 0.017546222
"Aligned_ray1_v" 72 0.22326 0.001578495 0.014419528
"Aligned_ray1_v" 73 0.14764928 0.000655359 0.006998118
"Aligned_ray1_v" 74 0.04286592 6.3008e-05 0.000477765
"Aligned_ray1_v" 75 0.02321904 2.8434e-05 0.000101782
"Aligned_ray1_v" 76 0.06370352 0.000269453 0.001180375
"Aligned_ray1_v" 77 0.19825488 0.001675816 0.009858278
"Aligned_ray1_v" 78 0.25540944 0.002430517 0.015385081
"Aligned_ray1_v" 79 0.25779088 0.002438201 0.016456725
"Aligned_ray1_v" 80 0.23993008 0.002145634 0.015517515
"Aligned_ray1_v" 81 0.23099968 0.001941275 0.015029266
"Aligned_ray1_v" 82 0.23635792 0.001971399 0.015392941
"Aligned_ray1_v" 83 0.24766976 0.002176755 0.016057213
"Aligned_ray1_v" 84 0.25719552 0.002391787 0.016696496
"Aligned_ray1_v" 85 0.25481408 0.002330301 0.015850454
"Aligned_ray1_v" 86 0.2262368 0.001942547 0.012060193
"Aligned_ray1_v" 87 0.13157456 0.000870078 0.00333786
"Aligned_ray1_v" 88 0.04881952 0.00022734 0.000455396
"Aligned_ray1_v" 89 0.02917264 8.6383e-05 0.000298468
"Aligned_ray1_v" 90 0.10002048 0.000327217 0.002556506
"Aligned_ray1_v" 91 0.19111056 0.001321252 0.009277243
"Aligned_ray1_v" 92 0.23933472 0.002104232 0.014031158
"Aligned_ray1_v" 93 0.25481408 0.002493127 0.015706065
"Aligned_ray1_v" 94 0.25124192 0.002479874 0.015373743
"Aligned_ray1_v" 95 0.23397648 0.002244585 0.014431768
"Aligned_ray1_v" 96 0.21909248 0.001965362 0.013514924
"Aligned_ray1_v" 97 0.21849712 0.001922332 0.013616468
"Aligned_ray1_v" 98 0.22087856 0.001855551 0.013603515
"Aligned_ray1_v" 99 0.23159504 0.002031203 0.01468896
"Aligned_ray1_v" 100 0.24588368 0.002320836 0.015791503
"Aligned_ray1_v" 101 0.24886048 0.002377246 0.015433099
"Aligned_ray1_v" 102 0.25124192 0.002385609 0.014979752
"Aligned_ray1_v" 103 0.23159504 0.002302537 0.011867283
"Aligned_ray1_v" 104 0.14824464 0.001370957 0.005476433
"Aligned_ray1_v" 105 0.03095872 5.1356e-05 0.000185642
"Aligned_ray1_v" 106 0.03631696 6.3353e-05 0.000473884
"Aligned_ray1_v" 107 0.10895088 0.000395856 0.002946768
"Aligned_ray1_v" 108 0.20123168 0.001624607 0.009027822
"Aligned_ray1_v" 109 0.25183728 0.002479818 0.013107986
"Aligned_ray1_v" 110 0.26314912 0.002766627 0.014499777
"Aligned_ray1_v" 111 0.26017232 0.002852338 0.014846231
"Aligned_ray1_v" 112 0.24945584 0.002516931 0.014378451
"Aligned_ray1_v" 113 0.24231152 0.002345198 0.01359775
"Aligned_ray1_v" 114 0.23873936 0.002276333 0.013340384
"Aligned_ray1_v" 115 0.24231152 0.002320502 0.013567014
"Aligned_ray1_v" 116 0.253028 0.002590287 0.014550613
"Aligned_ray1_v" 117 0.26433984 0.002754423 0.01524965
"Aligned_ray1_v" 118 0.25540944 0.002579724 0.013746463
"Aligned_ray1_v" 119 0.20480384 0.001803461 0.008994254
"Aligned_ray1_v" 120 0.08096896 0.000401028 0.001758286
"Aligned_ray1_v" 121 0.01905152 1.8722e-05 4.8642e-05
"Aligned_ray1_v" 122 0.03750768 7.2053e-05 0.000359297
"Aligned_ray1_v" 123 0.1428864 0.001198175 0.006026426
"Aligned_ray1_v" 124 0.24290688 0.00232915 0.01195163
"Aligned_ray1_v" 125 0.27267488 0.003048157 0.014622928
"Aligned_ray1_v" 126 0.27029344 0.003036723 0.014968719
"Aligned_ray1_v" 127 0.26672128 0.002951829 0.015199826
"Aligned_ray1_v" 128 0.2470744 0.002544847 0.014001531
"Aligned_ray1_v" 129 0.2440976 0.002519977 0.014434302
"Aligned_ray1_v" 130 0.25719552 0.002760323 0.015176744
"Aligned_ray1_v" 131 0.26553056 0.002822989 0.015423787
"Aligned_ray1_v" 132 0.26255376 0.002709087 0.014964952
"Aligned_ray1_v" 133 0.2411208 0.002359758 0.012563486
"Aligned_ray1_v" 134 0.18515696 0.001395721 0.007200937
"Aligned_ray1_v" 135 0.09049472 0.000439417 0.0016246
"Aligned_ray1_v" 136 0.03691232 6.3031e-05 0.000274401
"Aligned_ray1_v" 137 0.06191744 0.000305604 0.001363455
"Aligned_ray1_v" 138 0.18039408 0.0016508 0.007275574
"Aligned_ray1_v" 139 0.25957696 0.002888113 0.013236422
"Aligned_ray1_v" 140 0.27862848 0.00333679 0.015096604
"Aligned_ray1_v" 141 0.27267488 0.00317424 0.015007711
"Aligned_ray1_v" 142 0.2619584 0.002934416 0.014227353
"Aligned_ray1_v" 143 0.24826512 0.002628914 0.013721966
"Aligned_ray1_v" 144 0.24350224 0.002579502 0.013559741
"Aligned_ray1_v" 145 0.24647904 0.002521441 0.013564136
"Aligned_ray1_v" 146 0.25243264 0.002623182 0.014132654
"Aligned_ray1_v" 147 0.253028 0.002538253 0.014062534
"Aligned_ray1_v" 148 0.21492496 0.001812348 0.010363657
"Aligned_ray1_v" 149 0.16491472 0.000952746 0.005829711
"Aligned_ray1_v" 150 0.10002048 0.000393806 0.002269733
"Aligned_ray1_v" 151 0.03631696 8.1028e-05 0.000472455
"Aligned_ray1_v" 152 0.09704368 0.000484356 0.00171423
"Aligned_ray1_v" 153 0.15657968 0.001295223 0.004027451
"Aligned_ray1_v" 154 0.21909248 0.002257378 0.008954567
"Aligned_ray1_v" 155 0.25481408 0.002752855 0.012450086
"Aligned_ray1_v" 156 0.2589816 0.002780639 0.013309957
"Aligned_ray1_v" 157 0.25064656 0.002576641 0.012891553
"Aligned_ray1_v" 158 0.24647904 0.002527532 0.01310446
"Aligned_ray1_v" 159 0.24290688 0.002482168 0.012984707
"Aligned_ray1_v" 160 0.24350224 0.002484884 0.012766366
"Aligned_ray1_v" 161 0.25243264 0.002609331 0.013090641
"Aligned_ray1_v" 162 0.24588368 0.002517184 0.012389365
"Aligned_ray1_v" 163 0.2173064 0.002035512 0.009586295
"Aligned_ray1_v" 164 0.1458632 0.001029266 0.004430497
"Aligned_ray1_v" 165 0.07382464 0.000316707 0.001016795
"Aligned_ray1_v" 166 0.03214944 3.7361e-05 0.000220353
"Aligned_ray1_v" 167 0.06489424 0.000229656 0.001186344
"Aligned_ray1_v" 168 0.16431936 0.001149338 0.00557191
"Aligned_ray1_v" 169 0.23278576 0.00221417 0.010135713
"Aligned_ray1_v" 170 0.25183728 0.002764693 0.011390275
"Aligned_ray1_v" 171 0.2500512 0.002722625 0.012073881
"Aligned_ray1_v" 172 0.24290688 0.002606263 0.011671923
"Aligned_ray1_v" 173 0.23397648 0.002465851 0.011184861
"Aligned_ray1_v" 174 0.22385536 0.002182333 0.010714909
"Aligned_ray1_v" 175 0.22206928 0.001990977 0.010579949
"Aligned_ray1_v" 176 0.22861824 0.002117338 0.01058042
"Aligned_ray1_v" 177 0.23099968 0.002098941 0.010716529
"Aligned_ray1_v" 178 0.23338112 0.002219476 0.010232941
"Aligned_ray1_v" 179 0.21611568 0.001946003 0.008747842
"Aligned_ray1_v" 180 0.16610544 0.001236826 0.005615078
"Aligned_ray1_v" 181 0.09168544 0.000428892 0.00177411
"Aligned_ray1_v" 182 0.03988912 7.2826e-05 0.000338193
"Aligned_ray1_v" 183 0.05120096 0.000155455 0.000423643
"Aligned_ray1_v" 184 0.14467248 0.000890652 0.004143897
"Aligned_ray1_v" 185 0.21552032 0.00188471 0.008172224
"Aligned_ray1_v" 186 0.23873936 0.002423411 0.009961935
"Aligned_ray1_v" 187 0.23695328 0.002316768 0.010272568
"Aligned_ray1_v" 188 0.2262368 0.002180282 0.009579123
"Aligned_ray1_v" 189 0.21611568 0.001952728 0.009293805
"Aligned_ray1_v" 190 0.20956672 0.001794778 0.008955543
"Aligned_ray1_v" 191 0.20956672 0.00182148 0.009116096
"Aligned_ray1_v" 192 0.21373424 0.001940184 0.009235369
"Aligned_ray1_v" 193 0.21552032 0.002018697 0.009195949
"Aligned_ray1_v" 194 0.21552032 0.001997924 0.009104031
"Aligned_ray1_v" 195 0.2053992 0.001812786 0.008527042
"Aligned_ray1_v" 196 0.18039408 0.001406164 0.007239832
"Aligned_ray1_v" 197 0.15419824 0.001168378 0.005635548
"Aligned_ray1_v" 198 0.15836576 0.001133867 0.00622474
"Aligned_ray1_v" 199 0.17920336 0.001361283 0.006947402
"Aligned_ray1_v" 200 0.208376 0.001772929 0.008225574
"Aligned_ray1_v" 201 0.21254352 0.001902414 0.008456193
"Aligned_ray1_v" 202 0.20480384 0.001770871 0.008442293
"Aligned_ray1_v" 203 0.19587344 0.001669661 0.008097542
"Aligned_ray1_v" 204 0.17979872 0.001537697 0.007481878
"Aligned_ray1_v" 205 0.17146368 0.001441155 0.006914002
"Aligned_ray1_v" 206 0.1696776 0.001385636 0.006810612
"Aligned_ray1_v" 207 0.16610544 0.001322092 0.006557186
"Aligned_ray1_v" 208 0.16253328 0.001221966 0.006460324
"Aligned_ray1_v" 209 0.15896112 0.001185435 0.006146835
"Aligned_ray1_v" 210 0.16312864 0.001268745 0.006464233
"Aligned_ray1_v" 211 0.16491472 0.001254249 0.006456203
"Aligned_ray1_v" 212 0.16908224 0.001281684 0.00659051
"Aligned_ray1_v" 213 0.17503584 0.00137098 0.006773618
"Aligned_ray1_v" 214 0.18515696 0.001489856 0.00698976
"Aligned_ray1_v" 215 0.18991984 0.001626613 0.007282988
"Aligned_ray1_v" 216 0.18575232 0.001574086 0.007109062
"Aligned_ray1_v" 217 0.17503584 0.001378774 0.006870341
"Aligned_ray1_v" 218 0.1547936 0.001170827 0.006129049
"Aligned_ray1_v" 219 0.14110032 0.00116631 0.00554756
"Aligned_ray1_v" 220 0.14943536 0.001229343 0.005716472
"Aligned_ray1_v" 221 0.16610544 0.001456363 0.006047791
"Aligned_ray1_v" 222 0.178608 0.001570415 0.006606387
"Aligned_ray1_v" 223 0.18277552 0.001649733 0.006800989
"Aligned_ray1_v" 224 0.17384512 0.001497838 0.006439026
"Aligned_ray1_v" 225 0.17324976 0.001498745 0.006314849
"Aligned_ray1_v" 226 0.16848688 0.00140094 0.006233133
"Aligned_ray1_v" 227 0.17682192 0.001504585 0.006693087
"Aligned_ray1_v" 228 0.18694304 0.001635253 0.007103695
"Aligned_ray1_v" 229 0.1845616 0.001680754 0.006917453
"Aligned_ray1_v" 230 0.193492 0.001843458 0.007545336
"Aligned_ray1_v" 231 0.19587344 0.001881555 0.007510134
"Aligned_ray1_v" 232 0.18039408 0.001623177 0.006923937
"Aligned_ray1_v" 233 0.14348176 0.00106324 0.005747486
"Aligned_ray1_v" 234 0.13157456 0.000925814 0.005650435
"Aligned_ray1_v" 235 0.13276528 0.000999153 0.005690695
"Aligned_ray1_v" 236 0.15598432 0.001397508 0.006671371
"Aligned_ray1_v" 237 0.17205904 0.001647274 0.00761875
"Aligned_ray1_v" 238 0.163724 0.001641549 0.007164348
"Aligned_ray1_v" 239 0.15836576 0.001546189 0.006860528
"Aligned_ray1_v" 240 0.15003072 0.001435779 0.006267936
"Aligned_ray1_v" 241 0.14467248 0.001387066 0.005828668
"Aligned_ray1_v" 242 0.14705392 0.001299741 0.006141628
"Aligned_ray1_v" 243 0.14407712 0.001364824 0.005575033
"Aligned_ray1_v" 244 0.14645856 0.00138497 0.00550247
"Aligned_ray1_v" 245 0.14705392 0.001375801 0.005428752
"Aligned_ray1_v" 246 0.15896112 0.001603985 0.006014902
"Aligned_ray1_v" 247 0.17086832 0.001768946 0.006245122
"Aligned_ray1_v" 248 0.17741728 0.00183172 0.00669916
"Aligned_ray1_v" 249 0.1667008 0.001686807 0.006493381
"Aligned_ray1_v" 250 0.14645856 0.001581426 0.005878415
"Aligned_ray1_v" 251 0.13931424 0.001548608 0.005603949
"Aligned_ray1_v" 252 0.14764928 0.001570768 0.006189604
"Aligned_ray1_v" 253 0.15717504 0.001594102 0.006320692
"Aligned_ray1_v" 254 0.17027296 0.001659016 0.006649101
"Aligned_ray1_v" 255 0.1696776 0.001628796 0.006257242
"Aligned_ray1_v" 256 0.1607472 0.001543558 0.005800797
"Aligned_ray1_v" 257 0.15955648 0.00138652 0.005642565
"Aligned_ray1_v" 258 0.1577704 0.001328746 0.005378361
"Aligned_ray1_v" 259 0.14467248 0.001149988 0.005063546
"Aligned_ray1_v" 260 0.14764928 0.00120819 0.005176224
"Aligned_ray1_v" 261 0.13633744 0.001081173 0.004705029
"Aligned_ray1_v" 262 0.13812352 0.001098623 0.004652106
"Aligned_ray1_v" 263 0.14050496 0.001192139 0.004511473
"Aligned_ray1_v" 264 0.14526784 0.001260637 0.004550311
"Aligned_ray1_v" 265 0.1518168 0.001269996 0.005014482
"Aligned_ray1_v" 266 0.15896112 0.001344768 0.005111133
"Aligned_ray1_v" 267 0.15538896 0.001275145 0.005141066
"Aligned_ray1_v" 268 0.15360288 0.001335192 0.005201325
"Aligned_ray2_d" 22 0.18277552 0.001111651 0.00930735
"Aligned_ray2_d" 23 0.19170592 0.001254645 0.010292273
"Aligned_ray2_d" 24 0.18218016 0.001141534 0.00995124
"Aligned_ray2_d" 25 0.17086832 0.001072354 0.009148703
"Aligned_ray2_d" 26 0.16908224 0.001041819 0.009374818
"Aligned_ray2_d" 27 0.17444048 0.001098992 0.009840596
"Aligned_ray2_d" 28 0.17741728 0.001157686 0.009750697
"Aligned_ray2_d" 29 0.1696776 0.001012106 0.008526852
"Aligned_ray2_d" 30 0.12323952 0.000539846 0.004687867
"Aligned_ray2_d" 31 0.04881952 9.7877e-05 0.000815155
"Aligned_ray2_d" 32 0.01845616 1.495e-05 6.6119e-05
"Aligned_ray2_d" 33 0.05774992 0.000113873 0.001159924
"Aligned_ray2_d" 34 0.12264416 0.000503344 0.004950179
"Aligned_ray2_d" 35 0.17741728 0.00100254 0.00900516
"Aligned_ray2_d" 36 0.18991984 0.001275692 0.010326404
"Aligned_ray2_d" 37 0.178608 0.00110665 0.010251528
"Aligned_ray2_d" 38 0.17444048 0.001039177 0.009795174
"Aligned_ray2_d" 39 0.17027296 0.000991876 0.00957264
"Aligned_ray2_d" 40 0.17622656 0.001059602 0.010150173
"Aligned_ray2_d" 41 0.17622656 0.001145379 0.009799415
"Aligned_ray2_d" 42 0.18515696 0.001181664 0.010124096
"Aligned_ray2_d" 43 0.16312864 0.000923424 0.007974698
"Aligned_ray2_d" 44 0.09704368 0.000314517 0.002780245
"Aligned_ray2_d" 45 0.03453088 4.7784e-05 0.000294457
"Aligned_ray2_d" 46 0.03155408 4.9979e-05 0.000238307
"Aligned_ray2_d" 47 0.089304 0.000281914 0.002014082
"Aligned_ray2_d" 48 0.17086832 0.001031109 0.007702733
"Aligned_ray2_d" 49 0.20063632 0.001505919 0.010167288
"Aligned_ray2_d" 50 0.19885024 0.001481397 0.010399153
"Aligned_ray2_d" 51 0.1905152 0.001385259 0.010102803
"Aligned_ray2_d" 52 0.18277552 0.001257739 0.009591569
"Aligned_ray2_d" 53 0.17920336 0.001224068 0.009498597
"Aligned_ray2_d" 54 0.1875384 0.001315426 0.010263909
"Aligned_ray2_d" 55 0.19765952 0.001423186 0.01061451
"Aligned_ray2_d" 56 0.18515696 0.001280951 0.009105114
"Aligned_ray2_d" 57 0.13931424 0.00066797 0.005520708
"Aligned_ray2_d" 58 0.05715456 0.000102882 0.000973874
"Aligned_ray2_d" 59 0.0178608 1.1588e-05 7.9341e-05
"Aligned_ray2_d" 60 0.03929376 6.6863e-05 0.000878277
"Aligned_ray2_d" 61 0.1280024 0.00059682 0.00550688
"Aligned_ray2_d" 62 0.1964688 0.001389845 0.010140557
"Aligned_ray2_d" 63 0.20778064 0.00159237 0.011237447
"Aligned_ray2_d" 64 0.19587344 0.001427646 0.010579018
"Aligned_ray2_d" 65 0.193492 0.001408419 0.010489339
"Aligned_ray2_d" 66 0.17920336 0.001203519 0.009583536
"Aligned_ray2_d" 67 0.178608 0.001250585 0.009588819
"Aligned_ray2_d" 68 0.18277552 0.001258885 0.010348288
"Aligned_ray2_d" 69 0.18694304 0.001271898 0.010510545
"Aligned_ray2_d" 70 0.18098944 0.001157456 0.009785897
"Aligned_ray2_d" 71 0.14824464 0.000751898 0.006223986
"Aligned_ray2_d" 72 0.09585296 0.000283635 0.002547537
"Aligned_ray2_d" 73 0.04048448 5.7014e-05 0.000510203
"Aligned_ray2_d" 74 0.02202832 2.2452e-05 0.000111245
"Aligned_ray2_d" 75 0.08156432 0.000373602 0.00217671
"Aligned_ray2_d" 76 0.18694304 0.001319226 0.009132604
"Aligned_ray2_d" 77 0.20718528 0.001639396 0.010647967
"Aligned_ray2_d" 78 0.1994456 0.001582964 0.010389899
"Aligned_ray2_d" 79 0.19527808 0.00144554 0.010318843
"Aligned_ray2_d" 80 0.1905152 0.001357265 0.010367338
"Aligned_ray2_d" 81 0.19825488 0.001505468 0.010372901
"Aligned_ray2_d" 82 0.20063632 0.001575593 0.010494679
"Aligned_ray2_d" 83 0.18991984 0.001447714 0.009325804
"Aligned_ray2_d" 84 0.14348176 0.000715284 0.005412185
"Aligned_ray2_d" 85 0.09466224 0.000303573 0.002210701
"Aligned_ray2_d" 86 0.0476288 9.4289e-05 0.000499765
"Aligned_ray2_d" 87 0.04227056 7.4157e-05 0.000608511
"Aligned_ray2_d" 88 0.10597408 0.000499421 0.002113257
"Aligned_ray2_d" 89 0.16610544 0.00128964 0.005906159
"Aligned_ray2_d" 90 0.20123168 0.001684936 0.009022246
"Aligned_ray2_d" 91 0.20123168 0.001675731 0.009529491
"Aligned_ray2_d" 92 0.193492 0.001481908 0.009244122
"Aligned_ray2_d" 93 0.19527808 0.001507198 0.009901597
"Aligned_ray2_d" 94 0.19111056 0.001417731 0.009663451
"Aligned_ray2_d" 95 0.193492 0.001478102 0.009794716
"Aligned_ray2_d" 96 0.20182704 0.001636733 0.010582528
"Aligned_ray2_d" 97 0.20123168 0.001659087 0.009730195
"Aligned_ray2_d" 98 0.18098944 0.001377023 0.007692419
"Aligned_ray2_d" 99 0.11728592 0.000675937 0.003086902
"Aligned_ray2_d" 100 0.05536848 0.00011645 0.000723481
"Aligned_ray2_d" 101 0.01905152 1.2902e-05 8.1445e-05
"Aligned_ray2_d" 102 0.05715456 0.000157535 0.001723601
"Aligned_ray2_d" 103 0.16610544 0.00104528 0.007280439
"Aligned_ray2_d" 104 0.21611568 0.001822951 0.01062945
"Aligned_ray2_d" 105 0.2173064 0.001885177 0.01090692
"Aligned_ray2_d" 106 0.208376 0.001804901 0.010219962
"Aligned_ray2_d" 107 0.20123168 0.001688769 0.010581734
"Aligned_ray2_d" 108 0.19587344 0.001592834 0.010524624
"Aligned_ray2_d" 109 0.18991984 0.001534004 0.010145151
"Aligned_ray2_d" 110 0.20182704 0.001726981 0.010932254
"Aligned_ray2_d" 111 0.208376 0.001895451 0.011339602
"Aligned_ray2_d" 112 0.20778064 0.001777082 0.011150521
"Aligned_ray2_d" 113 0.18813376 0.001529494 0.00900168
"Aligned_ray2_d" 114 0.1220488 0.000580281 0.003933787
"Aligned_ray2_d" 115 0.0654896 0.000145484 0.001092309
"Aligned_ray2_d" 116 0.02321904 2.6571e-05 8.9303e-05
"Aligned_ray2_d" 117 0.04584272 9.4142e-05 0.000636217
"Aligned_ray2_d" 118 0.14467248 0.001070497 0.005073457
"Aligned_ray2_d" 119 0.21909248 0.002097317 0.009745108
"Aligned_ray2_d" 120 0.22564144 0.002146291 0.010917179
"Aligned_ray2_d" 121 0.2143296 0.001933349 0.010357016
"Aligned_ray2_d" 122 0.20897136 0.00190148 0.01012043
"Aligned_ray2_d" 123 0.2024224 0.001776078 0.01050726
"Aligned_ray2_d" 124 0.21313888 0.001973413 0.010903146
"Aligned_ray2_d" 125 0.21790176 0.001997771 0.010481893
"Aligned_ray2_d" 126 0.20599456 0.001920343 0.008896393
"Aligned_ray2_d" 127 0.13633744 0.001047248 0.004188988
"Aligned_ray2_d" 128 0.04346128 0.000160099 0.000616427
"Aligned_ray2_d" 129 0.02500512 4.7107e-05 7.7416e-05
"Aligned_ray2_d" 130 0.07203856 0.000231612 0.00125977
"Aligned_ray2_d" 131 0.15419824 0.000893748 0.005220255
"Aligned_ray2_d" 132 0.20123168 0.001560348 0.008411438
"Aligned_ray2_d" 133 0.21254352 0.001866541 0.009403286
"Aligned_ray2_d" 134 0.21313888 0.001925567 0.009961294
"Aligned_ray2_d" 135 0.20658992 0.001891428 0.009608661
"Aligned_ray2_d" 136 0.19111056 0.001538289 0.008720141
"Aligned_ray2_d" 137 0.17979872 0.001334239 0.008236858
"Aligned_ray2_d" 138 0.18218016 0.001349017 0.008137406
"Aligned_ray2_d" 139 0.18277552 0.001339333 0.007867474
"Aligned_ray2_d" 140 0.1875384 0.001482858 0.008167439
"Aligned_ray2_d" 141 0.18634768 0.001614194 0.008135074
"Aligned_ray2_d" 142 0.19587344 0.001770206 0.008209035
"Aligned_ray2_d" 143 0.193492 0.001693543 0.007369524
"Aligned_ray2_d" 144 0.16908224 0.001332092 0.005451098
"Aligned_ray2_d" 145 0.10656944 0.000538601 0.002033666
"Aligned_ray2_d" 146 0.04703344 8.6612e-05 0.000527464
"Aligned_ray2_d" 147 0.0267912 4.1686e-05 0.000105432
"Aligned_ray2_d" 148 0.08692256 0.000501964 0.001763833
"Aligned_ray2_d" 149 0.18575232 0.00174308 0.005832019
"Aligned_ray2_d" 150 0.21075744 0.002154367 0.007496149
"Aligned_ray2_d" 151 0.2113528 0.00214808 0.007882364
"Aligned_ray2_d" 152 0.19587344 0.0017439 0.00739013
"Aligned_ray2_d" 153 0.19111056 0.0016353 0.00721663
"Aligned_ray2_d" 154 0.1815848 0.001478957 0.006788613
"Aligned_ray2_d" 155 0.18039408 0.00155036 0.006576021
"Aligned_ray2_d" 156 0.193492 0.001752988 0.007179392
"Aligned_ray2_d" 157 0.19408736 0.001788978 0.006795117
"Aligned_ray2_d" 158 0.18277552 0.001625702 0.006011675
"Aligned_ray2_d" 159 0.11669056 0.000723213 0.002914396
"Aligned_ray2_d" 160 0.03750768 0.000155501 0.000299885
"Aligned_ray2_d" 161 0.04107984 0.000107533 0.000206212
"Aligned_ray2_d" 162 0.09644832 0.000437996 0.001863789
"Aligned_ray2_d" 163 0.15538896 0.001019637 0.004272864
"Aligned_ray2_d" 164 0.19527808 0.001645265 0.006616314
"Aligned_ray2_d" 165 0.20420848 0.001914416 0.007297396
"Aligned_ray2_d" 166 0.2024224 0.001893527 0.007402545
"Aligned_ray2_d" 167 0.19408736 0.001671401 0.00729677
"Aligned_ray2_d" 168 0.18634768 0.001545936 0.006680535
"Aligned_ray2_d" 169 0.18337088 0.001519249 0.00676616
"Aligned_ray2_d" 170 0.18396624 0.001580233 0.006776762
"Aligned_ray2_d" 171 0.18872912 0.001716521 0.00673419
"Aligned_ray2_d" 172 0.19289664 0.001817584 0.006437817
"Aligned_ray2_d" 173 0.18098944 0.001623732 0.00534146
"Aligned_ray2_d" 174 0.13276528 0.000972476 0.003002048
"Aligned_ray2_d" 175 0.05536848 0.000172871 0.0005718
"Aligned_ray2_d" 176 0.03631696 5.6226e-05 0.000230464
"Aligned_ray2_d" 177 0.07025248 0.000267719 0.000941306
"Aligned_ray2_d" 178 0.14050496 0.000938583 0.003127512
"Aligned_ray2_d" 179 0.18515696 0.001715115 0.00506671
"Aligned_ray2_d" 180 0.19230128 0.00182144 0.005698856
"Aligned_ray2_d" 181 0.18813376 0.00173037 0.005819138
"Aligned_ray2_d" 182 0.178608 0.001603616 0.005332205
"Aligned_ray2_d" 183 0.1726544 0.001523654 0.005135937
"Aligned_ray2_d" 184 0.1756312 0.001550374 0.005348919
"Aligned_ray2_d" 185 0.18575232 0.001660812 0.005817419
"Aligned_ray2_d" 186 0.19468272 0.001861974 0.006112183
"Aligned_ray2_d" 187 0.20658992 0.002072754 0.00659902
"Aligned_ray2_d" 188 0.20361312 0.002079083 0.006192589
"Aligned_ray2_d" 189 0.19111056 0.001762043 0.005582444
"Aligned_ray2_d" 190 0.16908224 0.001418798 0.004434711
"Aligned_ray2_d" 191 0.16491472 0.001347625 0.004266095
"Aligned_ray2_d" 192 0.17622656 0.001412144 0.004757003
"Aligned_ray2_d" 193 0.18872912 0.001733047 0.005097094
"Aligned_ray2_d" 194 0.19587344 0.001906172 0.005622658
"Aligned_ray2_d" 195 0.19706416 0.001932524 0.005789984
"Aligned_ray2_d" 196 0.18575232 0.001769518 0.005287677
"Aligned_ray2_d" 197 0.18337088 0.001734084 0.005194912
"Aligned_ray2_d" 198 0.17741728 0.001616499 0.004803984
"Aligned_ray2_d" 199 0.17682192 0.001643461 0.004904567
"Aligned_ray2_d" 200 0.18396624 0.001845828 0.005078589
"Aligned_ray2_d" 201 0.19527808 0.002059721 0.005381095
"Aligned_ray2_d" 202 0.1964688 0.002188668 0.00501622
"Aligned_ray2_d" 203 0.19468272 0.002176565 0.004856674
"Aligned_ray2_d" 204 0.17801264 0.001784617 0.004208055
"Aligned_ray2_d" 205 0.15003072 0.001316734 0.003034093
"Aligned_ray2_d" 206 0.13931424 0.001269689 0.002445881
"Aligned_ray2_d" 207 0.16134256 0.001506128 0.003285582
"Aligned_ray2_d" 208 0.17741728 0.001875414 0.003865246
"Aligned_ray2_d" 209 0.18634768 0.002100562 0.004424481
"Aligned_ray2_d" 210 0.18575232 0.001991501 0.004806408
"Aligned_ray2_d" 211 0.18337088 0.001990588 0.004995574
"Aligned_ray2_d" 212 0.17027296 0.001892113 0.004724624
"Aligned_ray2_d" 213 0.1518168 0.001735211 0.003913018
"Aligned_ray2_d" 214 0.14467248 0.001669452 0.003959995
"Aligned_ray2_d" 215 0.14229104 0.001612153 0.004256062
"Aligned_ray2_d" 216 0.14526784 0.001771735 0.004350689
"Aligned_ray2_d" 217 0.13157456 0.001788989 0.004338458
"Aligned_ray2_d" 218 0.11430912 0.001651566 0.004296279
"Aligned_ray2_d" 219 0.10002048 0.001476272 0.003898431
"Aligned_ray2_d" 220 0.09049472 0.001345276 0.003433358
"Aligned_ray2_d" 221 0.0922808 0.00131346 0.003562957
"Aligned_ray2_d" 222 0.09882976 0.00135806 0.003431687
"Aligned_ray2_d" 223 0.10895088 0.001508632 0.003506074
"Aligned_ray2_d" 224 0.11490448 0.001595627 0.003595203
"Aligned_ray2_d" 225 0.1220488 0.001661976 0.003906306
"Aligned_ray2_d" 226 0.1220488 0.001534344 0.003612364
"Aligned_ray2_d" 227 0.13455136 0.001565526 0.003931574
"Aligned_ray2_d" 228 0.14645856 0.001598376 0.004146633
"Aligned_ray2_d" 229 0.14764928 0.00163492 0.004109374
"Aligned_ray2_d" 230 0.15003072 0.001792357 0.004172452
"Aligned_ray2_d" 231 0.14169568 0.001777859 0.003911505
"Aligned_ray2_d" 232 0.14050496 0.001833115 0.004031485
"Aligned_ray2_d" 233 0.12443024 0.00182608 0.003660637
"Aligned_ray2_d" 234 0.11728592 0.001745217 0.003310565
"Aligned_ray2_d" 235 0.11073696 0.001574441 0.003311451
"Aligned_ray2_d" 236 0.11133232 0.001546556 0.003251999
"Aligned_ray2_d" 237 0.12145344 0.001735829 0.003374993
"Aligned_ray2_d" 238 0.13157456 0.00182818 0.003733199
"Aligned_ray2_d" 239 0.14110032 0.001867527 0.003993955
"Aligned_ray2_d" 240 0.13157456 0.001677025 0.003681781
"Aligned_ray2_d" 241 0.1220488 0.001525761 0.003581493
"Aligned_ray2_d" 242 0.11669056 0.001362662 0.003438212
"Aligned_ray2_d" 243 0.11728592 0.00127602 0.003262414
"Aligned_ray2_d" 244 0.12085808 0.001217403 0.003340877
"Aligned_ray2_d" 245 0.12323952 0.001328541 0.003475872
"Aligned_ray2_d" 246 0.11847664 0.001600718 0.003550155
"Aligned_ray2_d" 247 0.10776016 0.001490001 0.00327738
"Aligned_ray2_d" 248 0.09168544 0.001291039 0.002855178
"Aligned_ray2_d" 249 0.0833504 0.001057557 0.002539989
"Aligned_ray2_d" 250 0.09109008 0.001105413 0.002644788
"Aligned_ray2_d" 251 0.10478336 0.001259408 0.003072041
"Aligned_ray2_d" 252 0.11133232 0.00148397 0.003261052
"Aligned_ray2_d" 253 0.1131184 0.001583623 0.003244955
"Aligned_ray2_d" 254 0.11490448 0.001610427 0.003374068
"Aligned_ray2_d" 255 0.10954624 0.001526102 0.003298591
"Aligned_ray2_d" 256 0.09942512 0.001296728 0.002878654
"Aligned_ray2_d" 257 0.1012112 0.001160025 0.002836454
"Aligned_ray2_d" 258 0.11371376 0.001275892 0.00319968
"Aligned_ray2_d" 259 0.11430912 0.001328539 0.003201944
"Aligned_ray2_d" 260 0.11371376 0.001385057 0.00310437
"Aligned_ray2_d" 261 0.1160952 0.001489993 0.003249843
"Aligned_ray2_d" 262 0.11549984 0.001458024 0.003400863
"Aligned_ray2_d" 263 0.1071648 0.001363007 0.003403674
"Aligned_ray2_d" 264 0.09882976 0.001298322 0.003189584
"Aligned_ray2_d" 265 0.09287616 0.00124495 0.00293988
"Aligned_ray2_d" 266 0.08513648 0.001076559 0.002852572
"Aligned_ray2_d" 267 0.08156432 0.001042075 0.002718439
"Aligned_ray2_d" 268 0.07561072 0.001021236 0.002540894
"Aligned_ray2_d" 269 0.07799216 0.00106953 0.002627973
"Aligned_ray2_d" 270 0.08215968 0.001040213 0.002866378
"Aligned_ray2_d" 271 0.07977824 0.000992584 0.002561425
"Aligned_ray2_d" 272 0.08573184 0.00100539 0.002645262
"Aligned_ray2_d" 273 0.09109008 0.001018696 0.002747309
"Aligned_ray2_d" 274 0.09347152 0.001032429 0.002602228
"Aligned_ray2_d" 275 0.0952576 0.001165239 0.002672134
"Aligned_ray2_d" 276 0.10478336 0.001178025 0.002862749
"Aligned_ray2_d" 277 0.10537872 0.001164894 0.002847379
"Aligned_ray2_d" 278 0.09942512 0.001113968 0.002635642
"Aligned_ray2_d" 279 0.09763904 0.001101866 0.002584076
"Aligned_ray2_d" 280 0.09109008 0.001031783 0.002401314
"Aligned_ray2_d" 281 0.0863272 0.000924146 0.002344772
"Aligned_ray2_d" 282 0.08811328 0.000867621 0.002402428
"Aligned_ray2_d" 283 0.08751792 0.000855536 0.002211518
"Aligned_ray2_d" 284 0.09644832 0.001092932 0.002320495
"Aligned_ray2_d" 285 0.10180656 0.001094805 0.0024185
"Aligned_ray2_d" 286 0.10002048 0.001083683 0.002204118
"Aligned_ray2_d" 287 0.08989936 0.000983839 0.002037411
"Aligned_ray2_v" 16 0.22445072 0.001509049 0.015194532
"Aligned_ray2_v" 17 0.238144 0.001818664 0.018322003
"Aligned_ray2_v" 18 0.238144 0.001814109 0.018737988
"Aligned_ray2_v" 19 0.2411208 0.001863043 0.018702212
"Aligned_ray2_v" 20 0.23873936 0.001798224 0.018609919
"Aligned_ray2_v" 21 0.2411208 0.001808246 0.018807618
"Aligned_ray2_v" 22 0.24350224 0.001814556 0.019095543
"Aligned_ray2_v" 23 0.23754864 0.001749625 0.017804028
"Aligned_ray2_v" 24 0.20182704 0.001227589 0.012651182
"Aligned_ray2_v" 25 0.12681168 0.000686655 0.004617158
"Aligned_ray2_v" 26 0.06310816 0.000311146 0.001293186
"Aligned_ray2_v" 27 0.059536 0.000179101 0.001438758
"Aligned_ray2_v" 28 0.14348176 0.000679088 0.006828373
"Aligned_ray2_v" 29 0.21611568 0.001462711 0.013514745
"Aligned_ray2_v" 30 0.25064656 0.002033961 0.01782962
"Aligned_ray2_v" 31 0.26255376 0.002286862 0.019842435
"Aligned_ray2_v" 32 0.2560048 0.002132466 0.019496326
"Aligned_ray2_v" 33 0.24826512 0.002011309 0.018968957
"Aligned_ray2_v" 34 0.25183728 0.002091237 0.019408818
"Aligned_ray2_v" 35 0.25362336 0.002087607 0.019978948
"Aligned_ray2_v" 36 0.2560048 0.002088244 0.019568493
"Aligned_ray2_v" 37 0.22266464 0.00169799 0.015034731
"Aligned_ray2_v" 38 0.11788128 0.000534746 0.00376837
"Aligned_ray2_v" 39 0.044652 0.000118872 0.000379516
"Aligned_ray2_v" 40 0.03214944 6.747e-05 0.000293672
"Aligned_ray2_v" 41 0.11073696 0.000534623 0.004284365
"Aligned_ray2_v" 42 0.20778064 0.001358808 0.012695074
"Aligned_ray2_v" 43 0.24766976 0.001980119 0.01728269
"Aligned_ray2_v" 44 0.2500512 0.002088341 0.017840214
"Aligned_ray2_v" 45 0.2411208 0.001951687 0.017934467
"Aligned_ray2_v" 46 0.23695328 0.001865854 0.017724437
"Aligned_ray2_v" 47 0.24052544 0.001884709 0.018189856
"Aligned_ray2_v" 48 0.24945584 0.002009739 0.019110949
"Aligned_ray2_v" 49 0.25779088 0.002174603 0.019601113
"Aligned_ray2_v" 50 0.24766976 0.002026176 0.017980675
"Aligned_ray2_v" 51 0.20123168 0.001299329 0.011536395
"Aligned_ray2_v" 52 0.10359264 0.000460806 0.002705584
"Aligned_ray2_v" 53 0.03214944 5.1089e-05 0.000262156
"Aligned_ray2_v" 54 0.03334016 0.000152998 0.000362919
"Aligned_ray2_v" 55 0.14348176 0.000983968 0.007521985
"Aligned_ray2_v" 56 0.23278576 0.001860171 0.015445138
"Aligned_ray2_v" 57 0.2738656 0.002657745 0.019714658
"Aligned_ray2_v" 58 0.27624704 0.002712585 0.020260729
"Aligned_ray2_v" 59 0.2619584 0.002396555 0.01922036
"Aligned_ray2_v" 60 0.25779088 0.002283039 0.019065061
"Aligned_ray2_v" 61 0.26553056 0.002459962 0.01978195
"Aligned_ray2_v" 62 0.25660016 0.002343512 0.018152108
"Aligned_ray2_v" 63 0.22147392 0.001841019 0.012864151
"Aligned_ray2_v" 64 0.1547936 0.000858374 0.005384591
"Aligned_ray2_v" 65 0.10776016 0.000470505 0.002384993
"Aligned_ray2_v" 66 0.05239168 9.8669e-05 0.001573472
"Aligned_ray2_v" 67 0.10002048 0.000425704 0.002662865
"Aligned_ray2_v" 68 0.15836576 0.001177259 0.005367736
"Aligned_ray2_v" 69 0.22564144 0.001949495 0.012774443
"Aligned_ray2_v" 70 0.25660016 0.002327342 0.01748826
"Aligned_ray2_v" 71 0.26672128 0.00249742 0.018938824
"Aligned_ray2_v" 72 0.25243264 0.002262454 0.018093349
"Aligned_ray2_v" 73 0.25362336 0.002282723 0.018241702
"Aligned_ray2_v" 74 0.2470744 0.002109461 0.018066094
"Aligned_ray2_v" 75 0.25124192 0.002147309 0.018513171
"Aligned_ray2_v" 76 0.25957696 0.002244799 0.019156294
"Aligned_ray2_v" 77 0.25183728 0.002220055 0.017423893
"Aligned_ray2_v" 78 0.22147392 0.001913592 0.012624598
"Aligned_ray2_v" 79 0.1160952 0.000607561 0.00322155
"Aligned_ray2_v" 80 0.02857728 4.4071e-05 0.000298413
"Aligned_ray2_v" 81 0.03929376 7.4347e-05 0.00094439
"Aligned_ray2_v" 82 0.13514672 0.000567024 0.008216116
"Aligned_ray2_v" 83 0.23397648 0.001766846 0.015210219
"Aligned_ray2_v" 84 0.27743776 0.002677664 0.019270599
"Aligned_ray2_v" 85 0.28398672 0.002924623 0.020526556
"Aligned_ray2_v" 86 0.27624704 0.002740334 0.019939828
"Aligned_ray2_v" 87 0.2649352 0.002529459 0.018826532
"Aligned_ray2_v" 88 0.26612592 0.002490346 0.019405861
"Aligned_ray2_v" 89 0.26612592 0.002505369 0.019749064
"Aligned_ray2_v" 90 0.2649352 0.002478986 0.019668013
"Aligned_ray2_v" 91 0.26314912 0.002443568 0.018154443
"Aligned_ray2_v" 92 0.21849712 0.001852798 0.012363856
"Aligned_ray2_v" 93 0.09763904 0.000603196 0.002543414
"Aligned_ray2_v" 94 0.02560048 4.6814e-05 0.00011767
"Aligned_ray2_v" 95 0.044652 8.8191e-05 0.000961972
"Aligned_ray2_v" 96 0.1518168 0.000607365 0.008895601
"Aligned_ray2_v" 97 0.24647904 0.001952455 0.016809488
"Aligned_ray2_v" 98 0.29768 0.003176654 0.022086629
"Aligned_ray2_v" 99 0.29946608 0.003346333 0.022443662
"Aligned_ray2_v" 100 0.28755888 0.003044027 0.021541763
"Aligned_ray2_v" 101 0.27327024 0.00263387 0.020343575
"Aligned_ray2_v" 102 0.2708888 0.002772608 0.02020513
"Aligned_ray2_v" 103 0.27862848 0.002756358 0.020463631
"Aligned_ray2_v" 104 0.27565168 0.002733167 0.019049591
"Aligned_ray2_v" 105 0.23159504 0.001967223 0.014104635
"Aligned_ray2_v" 106 0.10895088 0.00054138 0.00417863
"Aligned_ray2_v" 107 0.02262368 2.6859e-05 7.967e-05
"Aligned_ray2_v" 108 0.06727568 0.000114741 0.002093838
"Aligned_ray2_v" 109 0.14824464 0.000674172 0.0068664
"Aligned_ray2_v" 110 0.2351672 0.001949233 0.013579234
"Aligned_ray2_v" 111 0.2708888 0.002582062 0.017561685
"Aligned_ray2_v" 112 0.27803312 0.00276984 0.018943897
"Aligned_ray2_v" 113 0.27029344 0.002616086 0.018852901
"Aligned_ray2_v" 114 0.25243264 0.00230962 0.017071008
"Aligned_ray2_v" 115 0.24231152 0.002144073 0.016177343
"Aligned_ray2_v" 116 0.2351672 0.002028771 0.015331747
"Aligned_ray2_v" 117 0.24171616 0.002102086 0.015778423
"Aligned_ray2_v" 118 0.23695328 0.001975502 0.015359966
"Aligned_ray2_v" 119 0.24052544 0.00201162 0.016033979
"Aligned_ray2_v" 120 0.24766976 0.002106381 0.016723978
"Aligned_ray2_v" 121 0.25957696 0.002373468 0.017483541
"Aligned_ray2_v" 122 0.26672128 0.002555719 0.017879046
"Aligned_ray2_v" 123 0.25779088 0.002445164 0.016191142
"Aligned_ray2_v" 124 0.19408736 0.001536349 0.009709079
"Aligned_ray2_v" 125 0.09287616 0.000403807 0.002005739
"Aligned_ray2_v" 126 0.03512624 5.5278e-05 0.000229235
"Aligned_ray2_v" 127 0.06310816 0.000416922 0.002089936
"Aligned_ray2_v" 128 0.20004096 0.001723218 0.010426753
"Aligned_ray2_v" 129 0.26553056 0.002769212 0.015499992
"Aligned_ray2_v" 130 0.29351248 0.00338445 0.018440828
"Aligned_ray2_v" 131 0.28696352 0.003316571 0.017677589
"Aligned_ray2_v" 132 0.27148416 0.002950422 0.017047646
"Aligned_ray2_v" 133 0.25183728 0.002654708 0.016270264
"Aligned_ray2_v" 134 0.25481408 0.002763141 0.016061867
"Aligned_ray2_v" 135 0.27446096 0.002970804 0.017098324
"Aligned_ray2_v" 136 0.28100992 0.003009168 0.017236149
"Aligned_ray2_v" 137 0.26969808 0.002673839 0.016085018
"Aligned_ray2_v" 138 0.2321904 0.002064355 0.012517069
"Aligned_ray2_v" 139 0.17801264 0.001240273 0.008191321
"Aligned_ray2_v" 140 0.16610544 0.001143293 0.007319904
"Aligned_ray2_v" 141 0.2113528 0.001751902 0.010854285
"Aligned_ray2_v" 142 0.25421872 0.002531407 0.013618257
"Aligned_ray2_v" 143 0.2708888 0.002841637 0.015724488
"Aligned_ray2_v" 144 0.28160528 0.003138887 0.016782864
"Aligned_ray2_v" 145 0.267912 0.002919922 0.015479
"Aligned_ray2_v" 146 0.25243264 0.002594966 0.014666489
"Aligned_ray2_v" 147 0.25421872 0.002674056 0.014231149
"Aligned_ray2_v" 148 0.25540944 0.002707622 0.014489822
"Aligned_ray2_v" 149 0.26255376 0.002719425 0.015504439
"Aligned_ray2_v" 150 0.26553056 0.002658129 0.015232099
"Aligned_ray2_v" 151 0.25660016 0.002363213 0.014335846
"Aligned_ray2_v" 152 0.23576256 0.0019037 0.012358885
"Aligned_ray2_v" 153 0.193492 0.001173767 0.008377744
"Aligned_ray2_v" 154 0.16134256 0.000899338 0.005820348
"Aligned_ray2_v" 155 0.17682192 0.001154219 0.007258006
"Aligned_ray2_v" 156 0.22683216 0.001861087 0.010979908
"Aligned_ray2_v" 157 0.26374448 0.002686721 0.013644564
"Aligned_ray2_v" 158 0.27029344 0.002918987 0.014322209
"Aligned_ray2_v" 159 0.2619584 0.002877279 0.013727707
"Aligned_ray2_v" 160 0.253028 0.002718715 0.01311421
"Aligned_ray2_v" 161 0.238144 0.002383545 0.012459442
"Aligned_ray2_v" 162 0.22206928 0.00213299 0.01137535
"Aligned_ray2_v" 163 0.23457184 0.002350417 0.012144564
"Aligned_ray2_v" 164 0.23635792 0.002331424 0.012281777
"Aligned_ray2_v" 165 0.2411208 0.002330258 0.012462482
"Aligned_ray2_v" 166 0.24766976 0.002307879 0.01319594
"Aligned_ray2_v" 167 0.23040432 0.001978293 0.012269736
"Aligned_ray2_v" 168 0.18218016 0.001357491 0.008574677
"Aligned_ray2_v" 169 0.14229104 0.001026515 0.005667888
"Aligned_ray2_v" 170 0.16134256 0.001222822 0.007045248
"Aligned_ray2_v" 171 0.2024224 0.001682327 0.009664234
"Aligned_ray2_v" 172 0.24647904 0.002350122 0.012466771
"Aligned_ray2_v" 173 0.253028 0.002515856 0.01315446
"Aligned_ray2_v" 174 0.2500512 0.002507224 0.012832976
"Aligned_ray2_v" 175 0.24290688 0.002355011 0.012350074
"Aligned_ray2_v" 176 0.23397648 0.002047081 0.011834317
"Aligned_ray2_v" 177 0.22564144 0.001903781 0.011197688
"Aligned_ray2_v" 178 0.23099968 0.002012982 0.0116105
"Aligned_ray2_v" 179 0.23576256 0.002106974 0.011455361
"Aligned_ray2_v" 180 0.22980896 0.002021211 0.010801989
"Aligned_ray2_v" 181 0.20420848 0.001673475 0.008578019
"Aligned_ray2_v" 182 0.14764928 0.000815539 0.004764162
"Aligned_ray2_v" 183 0.06787104 0.000199063 0.001055491
"Aligned_ray2_v" 184 0.0416752 7.69e-05 0.000323535
"Aligned_ray2_v" 185 0.10478336 0.000534602 0.002242208
"Aligned_ray2_v" 186 0.20182704 0.001753125 0.006949761
"Aligned_ray2_v" 187 0.23873936 0.00238623 0.00960628
"Aligned_ray2_v" 188 0.2470744 0.002589194 0.010446673
"Aligned_ray2_v" 189 0.24766976 0.002531488 0.010851448
"Aligned_ray2_v" 190 0.238144 0.002312748 0.010623208
"Aligned_ray2_v" 191 0.23099968 0.002183441 0.009992387
"Aligned_ray2_v" 192 0.23099968 0.002144932 0.009853256
"Aligned_ray2_v" 193 0.22683216 0.002124136 0.009163962
"Aligned_ray2_v" 194 0.208376 0.001804237 0.007535369
"Aligned_ray2_v" 195 0.18098944 0.001330946 0.005698243
"Aligned_ray2_v" 196 0.11669056 0.000577322 0.002368318
"Aligned_ray2_v" 197 0.05774992 0.000146448 0.000628783
"Aligned_ray2_v" 198 0.04941488 0.000161465 0.000358591
"Aligned_ray2_v" 199 0.1309792 0.000914972 0.002944997
"Aligned_ray2_v" 200 0.21075744 0.001868986 0.007468024
"Aligned_ray2_v" 201 0.21968784 0.002044786 0.008361647
"Aligned_ray2_v" 202 0.2173064 0.002123975 0.008431247
"Aligned_ray2_v" 203 0.19885024 0.00193959 0.007543694
"Aligned_ray2_v" 204 0.18218016 0.001761815 0.007044945
"Aligned_ray2_v" 205 0.17146368 0.001692692 0.006413113
"Aligned_ray2_v" 206 0.1845616 0.001874044 0.006813678
"Aligned_ray2_v" 207 0.18575232 0.001875194 0.00693548
"Aligned_ray2_v" 208 0.1875384 0.001946463 0.007234387
"Aligned_ray2_v" 209 0.17979872 0.001869634 0.006768325
"Aligned_ray2_v" 210 0.1667008 0.001750035 0.006216523
"Aligned_ray2_v" 211 0.15538896 0.001594208 0.005769369
"Aligned_ray2_v" 212 0.1577704 0.001504722 0.00585081
"Aligned_ray2_v" 213 0.17384512 0.001614812 0.006518685
"Aligned_ray2_v" 214 0.17979872 0.001579781 0.006568643
"Aligned_ray2_v" 215 0.178608 0.001589385 0.006322963
"Aligned_ray2_v" 216 0.17801264 0.001489821 0.006394686
"Aligned_ray2_v" 217 0.17682192 0.001494906 0.006249072
"Aligned_ray2_v" 218 0.17324976 0.001441871 0.006201432
"Aligned_ray2_v" 219 0.17324976 0.001408754 0.006079097
"Aligned_ray2_v" 220 0.1815848 0.001550118 0.006097911
"Aligned_ray2_v" 221 0.19111056 0.001626758 0.006766652
"Aligned_ray2_v" 222 0.19289664 0.001761753 0.006468522
"Aligned_ray2_v" 223 0.19825488 0.001793003 0.006875218
"Aligned_ray2_v" 224 0.20301776 0.001893452 0.007143483
"Aligned_ray2_v" 225 0.18634768 0.001596621 0.006554173
"Aligned_ray2_v" 226 0.16908224 0.001335838 0.005789717
"Aligned_ray2_v" 227 0.15062608 0.001178404 0.005466927
"Aligned_ray2_v" 228 0.16015184 0.001317129 0.005454236
"Aligned_ray2_v" 229 0.17801264 0.00150606 0.006399996
"Aligned_ray2_v" 230 0.18872912 0.001705705 0.007109758
"Aligned_ray2_v" 231 0.18872912 0.001643963 0.007259574
"Aligned_ray2_v" 232 0.17920336 0.001535672 0.006961502
"Aligned_ray2_v" 233 0.16312864 0.001353215 0.006115197
"Aligned_ray2_v" 234 0.163724 0.00133099 0.006255919
"Aligned_ray2_v" 235 0.16848688 0.001369328 0.006200865
"Aligned_ray2_v" 236 0.16848688 0.001401854 0.006169073
"Aligned_ray2_v" 237 0.17622656 0.001491647 0.006495574
"Aligned_ray2_v" 238 0.1845616 0.001613579 0.006985113
"Aligned_ray2_v" 239 0.18813376 0.001692256 0.007154714
"Aligned_ray2_v" 240 0.1845616 0.001703367 0.007384564
"Aligned_ray2_v" 241 0.17920336 0.00162178 0.007089077
"Aligned_ray2_v" 242 0.17979872 0.001584289 0.00674147
"Aligned_ray2_v" 243 0.17741728 0.001602151 0.005983731
"Aligned_ray2_v" 244 0.18098944 0.001633348 0.005878948
"Aligned_ray2_v" 245 0.19408736 0.001818205 0.006751043
"Aligned_ray2_v" 246 0.20420848 0.001966674 0.00745028
"Aligned_ray2_v" 247 0.19527808 0.001831651 0.007328212
"Aligned_ray2_v" 248 0.1845616 0.001737301 0.007046498
"Aligned_ray2_v" 249 0.17503584 0.001610181 0.006792752
"Aligned_ray2_v" 250 0.16729616 0.00141828 0.006272398
"Aligned_ray2_v" 251 0.16729616 0.001416551 0.006019857
"Aligned_ray2_v" 252 0.16551008 0.00144145 0.005923352
"Aligned_ray2_v" 253 0.16551008 0.001453947 0.005880464
"Aligned_ray2_v" 254 0.17384512 0.001489553 0.006206339
"Aligned_ray2_v" 255 0.18098944 0.00155401 0.006439302
"Aligned_ray2_v" 256 0.17801264 0.001566927 0.006617261
"Aligned_ray2_v" 257 0.15836576 0.001397598 0.0058844
"Aligned_ray2_v" 258 0.15360288 0.001329509 0.00597555
"Aligned_ray2_v" 259 0.16134256 0.001330657 0.006301366
"Aligned_ray2_v" 260 0.16610544 0.001326026 0.006435574
"Aligned_ray2_v" 261 0.17027296 0.001298517 0.006365585
"Aligned_ray2_v" 262 0.16015184 0.001149635 0.006098866
"Aligned_ray2_v" 263 0.15896112 0.001120194 0.006235641
"Aligned_ray2_v" 264 0.15062608 0.000952713 0.005780629
"Aligned_ray2_v" 265 0.14705392 0.000931451 0.005743807
"Aligned_ray2_v" 266 0.14884 0.000973045 0.005783092
"Aligned_ray2_v" 267 0.15300752 0.001073492 0.005958215
"Aligned_ray2_v" 268 0.14884 0.00110909 0.006216921
"Aligned_ray2_v" 269 0.14645856 0.001123281 0.00615494
"Aligned_ray2_v" 270 0.1547936 0.001130254 0.006136993
"Aligned_ray2_v" 271 0.16015184 0.001160062 0.006208158
"Aligned_ray2_v" 272 0.15955648 0.001181069 0.006052506
"Aligned_ray2_v" 273 0.16253328 0.001211384 0.00606451
"Aligned_ray2_v" 274 0.16848688 0.001217066 0.006221689
"Aligned_ray2_v" 275 0.16491472 0.001168478 0.006109461
"Aligned_ray3_d" 8 0.20361312 0.001410145 0.012004506
"Aligned_ray3_d" 9 0.20718528 0.001451906 0.013110315
"Aligned_ray3_d" 10 0.20182704 0.001374801 0.01265995
"Aligned_ray3_d" 11 0.20480384 0.001440808 0.013314093
"Aligned_ray3_d" 12 0.1994456 0.001338926 0.012872058
"Aligned_ray3_d" 13 0.20063632 0.001370674 0.013060404
"Aligned_ray3_d" 14 0.19527808 0.001304392 0.011606371
"Aligned_ray3_d" 15 0.17801264 0.001136133 0.009330349
"Aligned_ray3_d" 16 0.10478336 0.000372239 0.00288487
"Aligned_ray3_d" 17 0.04941488 7.6667e-05 0.000623033
"Aligned_ray3_d" 18 0.03334016 4.6126e-05 0.000283805
"Aligned_ray3_d" 19 0.09585296 0.000336359 0.003124569
"Aligned_ray3_d" 20 0.19170592 0.001265425 0.010491915
"Aligned_ray3_d" 21 0.21790176 0.001607047 0.01316054
"Aligned_ray3_d" 22 0.21313888 0.001546977 0.012950772
"Aligned_ray3_d" 23 0.21194816 0.001482146 0.013265392
"Aligned_ray3_d" 24 0.20658992 0.001387086 0.012448774
"Aligned_ray3_d" 25 0.20599456 0.001585289 0.012352588
"Aligned_ray3_d" 26 0.19289664 0.001296649 0.011863181
"Aligned_ray3_d" 27 0.17682192 0.001037044 0.00909444
"Aligned_ray3_d" 28 0.13157456 0.000610202 0.004910644
"Aligned_ray3_d" 29 0.06310816 0.000156257 0.001068837
"Aligned_ray3_d" 30 0.04107984 5.2036e-05 0.000717526
"Aligned_ray3_d" 31 0.08454112 0.000213846 0.001967425
"Aligned_ray3_d" 32 0.15538896 0.000813858 0.006706212
"Aligned_ray3_d" 33 0.20301776 0.001270764 0.011790009
"Aligned_ray3_d" 34 0.21313888 0.001499537 0.013248619
"Aligned_ray3_d" 35 0.20361312 0.001508407 0.012656584
"Aligned_ray3_d" 36 0.20301776 0.001395392 0.013085199
"Aligned_ray3_d" 37 0.1964688 0.001289777 0.012347844
"Aligned_ray3_d" 38 0.19230128 0.001310327 0.012771858
"Aligned_ray3_d" 39 0.19706416 0.001307675 0.013075422
"Aligned_ray3_d" 40 0.2024224 0.001355671 0.012750747
"Aligned_ray3_d" 41 0.18634768 0.001236805 0.009953916
"Aligned_ray3_d" 42 0.12859776 0.000695975 0.004132492
"Aligned_ray3_d" 43 0.06668032 0.00022636 0.000915973
"Aligned_ray3_d" 44 0.0267912 2.7648e-05 0.000318295
"Aligned_ray3_d" 45 0.07501536 0.000153258 0.001797935
"Aligned_ray3_d" 46 0.14229104 0.00065897 0.006394739
"Aligned_ray3_d" 47 0.19527808 0.001299219 0.011257533
"Aligned_ray3_d" 48 0.21075744 0.001581267 0.012291537
"Aligned_ray3_d" 49 0.20718528 0.001568933 0.012361099
"Aligned_ray3_d" 50 0.1994456 0.00146879 0.011339415
"Aligned_ray3_d" 51 0.18813376 0.001282825 0.010747272
"Aligned_ray3_d" 52 0.18396624 0.001193403 0.010595595
"Aligned_ray3_d" 53 0.17979872 0.001142004 0.010192628
"Aligned_ray3_d" 54 0.1875384 0.001167641 0.010514497
"Aligned_ray3_d" 55 0.1845616 0.001215017 0.010789507
"Aligned_ray3_d" 56 0.18813376 0.001266923 0.011457436
"Aligned_ray3_d" 57 0.19289664 0.00128749 0.011324424
"Aligned_ray3_d" 58 0.20182704 0.001411844 0.011544315
"Aligned_ray3_d" 59 0.20004096 0.001416247 0.011088569
"Aligned_ray3_d" 60 0.16193792 0.000953468 0.007610703
"Aligned_ray3_d" 61 0.059536 0.000240159 0.00166323
"Aligned_ray3_d" 62 0.01726544 1.5073e-05 5.3033e-05
"Aligned_ray3_d" 63 0.05894064 0.000127128 0.000985117
"Aligned_ray3_d" 64 0.14407712 0.000676808 0.005406689
"Aligned_ray3_d" 65 0.20420848 0.001505967 0.00959756
"Aligned_ray3_d" 66 0.22861824 0.002002211 0.012983603
"Aligned_ray3_d" 67 0.2173064 0.001795664 0.012600914
"Aligned_ray3_d" 68 0.20658992 0.00164528 0.012040393
"Aligned_ray3_d" 69 0.20301776 0.001521976 0.011590888
"Aligned_ray3_d" 70 0.20301776 0.001482065 0.011471857
"Aligned_ray3_d" 71 0.2143296 0.001661048 0.011957083
"Aligned_ray3_d" 72 0.21373424 0.001683871 0.011521965
"Aligned_ray3_d" 73 0.18396624 0.001217442 0.008865443
"Aligned_ray3_d" 74 0.11430912 0.000490667 0.003407229
"Aligned_ray3_d" 75 0.0416752 7.2196e-05 0.000537801
"Aligned_ray3_d" 76 0.03453088 4.8268e-05 0.000290599
"Aligned_ray3_d" 77 0.10656944 0.000477939 0.002896669
"Aligned_ray3_d" 78 0.1815848 0.001263198 0.007419621
"Aligned_ray3_d" 79 0.21373424 0.001740237 0.010460607
"Aligned_ray3_d" 80 0.22147392 0.001906678 0.011827807
"Aligned_ray3_d" 81 0.20718528 0.001714285 0.011416954
"Aligned_ray3_d" 82 0.20599456 0.0016935 0.011261933
"Aligned_ray3_d" 83 0.20004096 0.001596745 0.01034903
"Aligned_ray3_d" 84 0.20420848 0.001613917 0.010933711
"Aligned_ray3_d" 85 0.21016208 0.001742599 0.011189085
"Aligned_ray3_d" 86 0.20718528 0.001771424 0.010466575
"Aligned_ray3_d" 87 0.17741728 0.001287097 0.007213162
"Aligned_ray3_d" 88 0.11252304 0.000564973 0.00292837
"Aligned_ray3_d" 89 0.04346128 6.8749e-05 0.000478917
"Aligned_ray3_d" 90 0.0327448 5.4492e-05 0.000191462
"Aligned_ray3_d" 91 0.10180656 0.000437303 0.002734098
"Aligned_ray3_d" 92 0.193492 0.001423567 0.008666367
"Aligned_ray3_d" 93 0.2321904 0.002163355 0.011755744
"Aligned_ray3_d" 94 0.22504608 0.002045934 0.011921526
"Aligned_ray3_d" 95 0.2202832 0.001995785 0.011206845
"Aligned_ray3_d" 96 0.20480384 0.001919601 0.01033719
"Aligned_ray3_d" 97 0.1964688 0.001643025 0.009775784
"Aligned_ray3_d" 98 0.19408736 0.001480885 0.009715291
"Aligned_ray3_d" 99 0.20361312 0.001648035 0.010367055
"Aligned_ray3_d" 100 0.21254352 0.001781105 0.010904076
"Aligned_ray3_d" 101 0.2143296 0.001834861 0.010423831
"Aligned_ray3_d" 102 0.19289664 0.001426277 0.008462883
"Aligned_ray3_d" 103 0.11430912 0.000518414 0.003016622
"Aligned_ray3_d" 104 0.04524736 7.9817e-05 0.000480269
"Aligned_ray3_d" 105 0.03095872 5.3655e-05 0.000180139
"Aligned_ray3_d" 106 0.11252304 0.000790335 0.002868884
"Aligned_ray3_d" 107 0.20301776 0.001886153 0.007842486
"Aligned_ray3_d" 108 0.22802288 0.002281996 0.010354611
"Aligned_ray3_d" 109 0.22742752 0.00229568 0.010797831
"Aligned_ray3_d" 110 0.2202832 0.002107615 0.010570401
"Aligned_ray3_d" 111 0.20301776 0.001832017 0.0097112
"Aligned_ray3_d" 112 0.18872912 0.001633288 0.008601953
"Aligned_ray3_d" 113 0.20182704 0.001714579 0.009815894
"Aligned_ray3_d" 114 0.21373424 0.001885978 0.010678493
"Aligned_ray3_d" 115 0.21790176 0.002020984 0.01043894
"Aligned_ray3_d" 116 0.20063632 0.001806524 0.008908246
"Aligned_ray3_d" 117 0.15122144 0.000980442 0.005261709
"Aligned_ray3_d" 118 0.07799216 0.000252998 0.001344798
"Aligned_ray3_d" 119 0.03631696 5.5656e-05 0.000259588
"Aligned_ray3_d" 120 0.0327448 4.747e-05 0.000205006
"Aligned_ray3_d" 121 0.1280024 0.000679115 0.004332971
"Aligned_ray3_d" 122 0.20956672 0.001802031 0.008935108
"Aligned_ray3_d" 123 0.22742752 0.002237434 0.010274671
"Aligned_ray3_d" 124 0.21968784 0.002043018 0.010374872
"Aligned_ray3_d" 125 0.21671104 0.002014753 0.0098873
"Aligned_ray3_d" 126 0.21016208 0.001912933 0.009564086
"Aligned_ray3_d" 127 0.2173064 0.002053697 0.010622653
"Aligned_ray3_d" 128 0.21492496 0.002026183 0.010211019
"Aligned_ray3_d" 129 0.21373424 0.001970742 0.00921843
"Aligned_ray3_d" 130 0.1964688 0.00164589 0.007394873
"Aligned_ray3_d" 131 0.15657968 0.001048546 0.004884774
"Aligned_ray3_d" 132 0.07203856 0.00023495 0.001214396
"Aligned_ray3_d" 133 0.03155408 8.2242e-05 0.000100952
"Aligned_ray3_d" 134 0.06370352 0.000267795 0.000775061
"Aligned_ray3_d" 135 0.163724 0.001355954 0.005062253
"Aligned_ray3_d" 136 0.22445072 0.002532608 0.008616938
"Aligned_ray3_d" 137 0.23338112 0.002673349 0.010067247
"Aligned_ray3_d" 138 0.2202832 0.002349354 0.009496091
"Aligned_ray3_d" 139 0.20897136 0.002198212 0.009054639
"Aligned_ray3_d" 140 0.21016208 0.002238525 0.009282223
"Aligned_ray3_d" 141 0.20778064 0.002069637 0.008951151
"Aligned_ray3_d" 142 0.21254352 0.002169767 0.008930858
"Aligned_ray3_d" 143 0.21492496 0.002280015 0.008618636
"Aligned_ray3_d" 144 0.21194816 0.002289446 0.008068509
"Aligned_ray3_d" 145 0.17444048 0.001618548 0.006013412
"Aligned_ray3_d" 146 0.08513648 0.000435114 0.00131671
"Aligned_ray3_d" 147 0.03334016 6.723e-05 0.000154105
"Aligned_ray3_d" 148 0.0476288 0.000136965 0.000428329
"Aligned_ray3_d" 149 0.133956 0.000810694 0.003460754
"Aligned_ray3_d" 150 0.1964688 0.001712983 0.006423916
"Aligned_ray3_d" 151 0.21313888 0.00213907 0.007927491
"Aligned_ray3_d" 152 0.21611568 0.00227578 0.008460533
"Aligned_ray3_d" 153 0.20361312 0.002013806 0.008130575
"Aligned_ray3_d" 154 0.19408736 0.001725036 0.007838144
"Aligned_ray3_d" 155 0.20004096 0.001805392 0.008149072
"Aligned_ray3_d" 156 0.20004096 0.001794877 0.007939915
"Aligned_ray3_d" 157 0.20778064 0.002021664 0.008697879
"Aligned_ray3_d" 158 0.20778064 0.001871043 0.008409917
"Aligned_ray3_d" 159 0.21552032 0.002082398 0.008508158
"Aligned_ray3_d" 160 0.20599456 0.001967941 0.007509672
"Aligned_ray3_d" 161 0.16551008 0.001350031 0.005022435
"Aligned_ray3_d" 162 0.07858752 0.000309603 0.00106979
"Aligned_ray3_d" 163 0.0267912 3.5513e-05 0.000109998
"Aligned_ray3_d" 164 0.04405664 0.0001113 0.000339113
"Aligned_ray3_d" 165 0.13871888 0.000961716 0.003161397
"Aligned_ray3_d" 166 0.20599456 0.002017663 0.006225117
"Aligned_ray3_d" 167 0.21849712 0.002338031 0.007587715
"Aligned_ray3_d" 168 0.21968784 0.002353921 0.008180222
"Aligned_ray3_d" 169 0.22087856 0.002359439 0.008486305
"Aligned_ray3_d" 170 0.21552032 0.00223556 0.008387069
"Aligned_ray3_d" 171 0.2173064 0.002206164 0.008497744
"Aligned_ray3_d" 172 0.21968784 0.002261401 0.008411987
"Aligned_ray3_d" 173 0.21790176 0.00215455 0.008021868
"Aligned_ray3_d" 174 0.19825488 0.001811185 0.006787976
"Aligned_ray3_d" 175 0.13336064 0.000921892 0.003025678
"Aligned_ray3_d" 176 0.06965712 0.000288976 0.000578307
"Aligned_ray3_d" 177 0.03750768 8.5231e-05 0.00017327
"Aligned_ray3_d" 178 0.11252304 0.000708715 0.002343223
"Aligned_ray3_d" 179 0.21313888 0.002497014 0.006022435
"Aligned_ray3_d" 180 0.23695328 0.003093637 0.007417134
"Aligned_ray3_d" 181 0.24469296 0.003392093 0.007846546
"Aligned_ray3_d" 182 0.24350224 0.003192063 0.00812629
"Aligned_ray3_d" 183 0.22266464 0.002708251 0.006970117
"Aligned_ray3_d" 184 0.1518168 0.001420417 0.003297898
"Aligned_ray3_d" 185 0.0625128 0.000401932 0.000771307
"Aligned_ray3_d" 186 0.07977824 0.00027632 0.001404882
"Aligned_ray3_d" 187 0.14884 0.000991629 0.004466277
"Aligned_ray3_d" 188 0.19885024 0.001779126 0.006786701
"Aligned_ray3_d" 189 0.21968784 0.002460975 0.007570296
"Aligned_ray3_d" 190 0.22861824 0.002618603 0.008389271
"Aligned_ray3_d" 191 0.22742752 0.002518913 0.008587726
"Aligned_ray3_d" 192 0.21075744 0.002342434 0.008154724
"Aligned_ray3_d" 193 0.19765952 0.002221412 0.007804113
"Aligned_ray3_d" 194 0.1964688 0.002318875 0.007818353
"Aligned_ray3_d" 195 0.193492 0.002344757 0.007857936
"Aligned_ray3_d" 196 0.19765952 0.002716242 0.008076885
"Aligned_ray3_d" 197 0.19706416 0.002845151 0.008020139
"Aligned_ray3_d" 198 0.18039408 0.002485168 0.007088359
"Aligned_ray3_d" 199 0.1577704 0.002060293 0.005847271
"Aligned_ray3_d" 200 0.15360288 0.002046878 0.005270533
"Aligned_ray3_d" 201 0.16789152 0.002210329 0.005143845
"Aligned_ray3_d" 202 0.18515696 0.002354658 0.005681907
"Aligned_ray3_d" 203 0.20063632 0.002589286 0.006523231
"Aligned_ray3_d" 204 0.2053992 0.002699913 0.007239092
"Aligned_ray3_d" 205 0.19885024 0.002546098 0.007044089
"Aligned_ray3_d" 206 0.1964688 0.002518636 0.006833545
"Aligned_ray3_d" 207 0.193492 0.002519447 0.006736877
"Aligned_ray3_d" 208 0.18932448 0.002262117 0.007028551
"Aligned_ray3_d" 209 0.193492 0.002386767 0.007437507
"Aligned_ray3_d" 210 0.18218016 0.00240159 0.007179111
"Aligned_ray3_d" 211 0.17979872 0.002408435 0.007430937
"Aligned_ray3_d" 212 0.16908224 0.002287743 0.007319107
"Aligned_ray3_d" 213 0.16134256 0.002070133 0.007190504
"Aligned_ray3_d" 214 0.1547936 0.001893494 0.006645337
"Aligned_ray3_d" 215 0.1577704 0.001938407 0.006462803
"Aligned_ray3_d" 216 0.17027296 0.002196028 0.006874583
"Aligned_ray3_d" 217 0.1815848 0.002523184 0.00713696
"Aligned_ray3_d" 218 0.19289664 0.002400025 0.007077991
"Aligned_ray3_d" 219 0.18813376 0.002199864 0.006269207
"Aligned_ray3_d" 220 0.18396624 0.002085937 0.006287866
"Aligned_ray3_d" 221 0.1696776 0.001935223 0.005713843
"Aligned_ray3_d" 222 0.15657968 0.001693008 0.005321854
"Aligned_ray3_d" 223 0.14943536 0.001718705 0.004858972
"Aligned_ray3_d" 224 0.1577704 0.00179715 0.005506323
"Aligned_ray3_d" 225 0.15360288 0.001840808 0.005650239
"Aligned_ray3_d" 226 0.1518168 0.001863593 0.005751361
"Aligned_ray3_d" 227 0.14764928 0.001972815 0.005436792
"Aligned_ray3_d" 228 0.13871888 0.001735737 0.005309218
"Aligned_ray3_d" 229 0.13931424 0.001763155 0.005061667
"Aligned_ray3_d" 230 0.14764928 0.001756337 0.005168201
"Aligned_ray3_d" 231 0.14348176 0.001737008 0.004618665
"Aligned_ray3_d" 232 0.14764928 0.001722103 0.004526191
"Aligned_ray3_d" 233 0.15003072 0.001723997 0.004752639
"Aligned_ray3_d" 234 0.15717504 0.001668172 0.004780819
"Aligned_ray3_d" 235 0.1577704 0.001605134 0.004804161
"Aligned_ray3_d" 236 0.15955648 0.001689522 0.005033475
"Aligned_ray3_d" 237 0.15657968 0.001676757 0.004998746
"Aligned_ray3_d" 238 0.15300752 0.001727969 0.005272232
"Aligned_ray3_d" 239 0.14824464 0.001658469 0.00512636
"Aligned_ray3_d" 240 0.1547936 0.001871857 0.005227113
"Aligned_ray3_d" 241 0.16610544 0.00202542 0.005573238
"Aligned_ray3_d" 242 0.15836576 0.001957792 0.005361725
"Aligned_ray3_d" 243 0.1428864 0.001513466 0.004515021
"Aligned_ray3_d" 244 0.1428864 0.001388695 0.004205639
"Aligned_ray3_d" 245 0.14526784 0.001364602 0.00412806
"Aligned_ray3_d" 246 0.16729616 0.001894455 0.005034971
"Aligned_ray3_d" 247 0.16908224 0.002242367 0.004968639
"Aligned_ray3_d" 248 0.17086832 0.002254096 0.005330985
"Aligned_ray3_d" 249 0.163724 0.001924756 0.004976576
"Aligned_ray3_d" 250 0.16253328 0.001805513 0.005144541
"Aligned_ray3_d" 251 0.14764928 0.001572678 0.004866207
"Aligned_ray3_d" 252 0.14050496 0.001515265 0.004449816
"Aligned_ray3_d" 253 0.14407712 0.001526289 0.004059772
"Aligned_ray3_d" 254 0.15538896 0.001533458 0.004518
"Aligned_ray3_d" 255 0.1607472 0.00166112 0.004873021
"Aligned_ray3_d" 256 0.15598432 0.001697345 0.004939191
"Aligned_ray3_d" 257 0.14764928 0.001766209 0.004336933
"Aligned_ray3_d" 258 0.14705392 0.001701098 0.004862885
"Aligned_ray3_d" 259 0.14407712 0.001574596 0.004881089
"Aligned_ray3_d" 260 0.14526784 0.001493855 0.004790328
"Aligned_ray3_d" 261 0.14526784 0.001554 0.004487076
"Aligned_ray3_d" 262 0.15598432 0.001624871 0.004774051
"Aligned_ray3_d" 263 0.15657968 0.001660617 0.004671381
"Aligned_ray3_d" 264 0.16789152 0.00166002 0.004760319
"Aligned_ray3_d" 265 0.16729616 0.00170886 0.004569643
"Aligned_ray3_d" 266 0.16551008 0.001597519 0.004287081
"Aligned_ray3_d" 267 0.17444048 0.001806626 0.004440137
"Aligned_ray3_d" 268 0.17622656 0.001740934 0.004541991
"Aligned_ray3_d" 269 0.17205904 0.001671188 0.004246533
"Aligned_ray3_d" 270 0.1696776 0.001652195 0.004117193
"Aligned_ray3_d" 271 0.16610544 0.001743648 0.004353691
"Aligned_ray3_d" 272 0.15538896 0.001680619 0.004127706
"Aligned_ray3_d" 273 0.14705392 0.001606659 0.004007702
"Aligned_ray3_v" 18 0.25064656 0.001960382 0.0197564
"Aligned_ray3_v" 19 0.25243264 0.001959561 0.020484546
"Aligned_ray3_v" 20 0.25064656 0.001950571 0.021701027
"Aligned_ray3_v" 21 0.25064656 0.001922142 0.021572682
"Aligned_ray3_v" 22 0.24647904 0.001853878 0.020474453
"Aligned_ray3_v" 23 0.22742752 0.001715432 0.017217996
"Aligned_ray3_v" 24 0.1577704 0.001084414 0.007684654
"Aligned_ray3_v" 25 0.07680144 0.000250127 0.001177556
"Aligned_ray3_v" 26 0.0535824 9.9542e-05 0.00148941
"Aligned_ray3_v" 27 0.09347152 0.000279783 0.002948481
"Aligned_ray3_v" 28 0.19468272 0.00106381 0.013481237
"Aligned_ray3_v" 29 0.24171616 0.001806075 0.018529138
"Aligned_ray3_v" 30 0.25362336 0.002029819 0.020412467
"Aligned_ray3_v" 31 0.24826512 0.001959785 0.02067043
"Aligned_ray3_v" 32 0.23397648 0.001800587 0.019560087
"Aligned_ray3_v" 33 0.23040432 0.00169419 0.019233097
"Aligned_ray3_v" 34 0.2351672 0.001731756 0.019404822
"Aligned_ray3_v" 35 0.23993008 0.001762607 0.019859586
"Aligned_ray3_v" 36 0.2262368 0.001656827 0.017604534
"Aligned_ray3_v" 37 0.18277552 0.001323119 0.010866889
"Aligned_ray3_v" 38 0.15241216 0.000763167 0.005301153
"Aligned_ray3_v" 39 0.14407712 0.000607111 0.005882207
"Aligned_ray3_v" 40 0.11192768 0.000374741 0.004941447
"Aligned_ray3_v" 41 0.1280024 0.000627905 0.003868871
"Aligned_ray3_v" 42 0.16312864 0.000941387 0.006062296
"Aligned_ray3_v" 43 0.21492496 0.001447918 0.01314963
"Aligned_ray3_v" 44 0.24231152 0.001897365 0.017638075
"Aligned_ray3_v" 45 0.24647904 0.002038042 0.018931911
"Aligned_ray3_v" 46 0.23993008 0.001957057 0.01866416
"Aligned_ray3_v" 47 0.23635792 0.001873898 0.018858378
"Aligned_ray3_v" 48 0.23993008 0.001913402 0.019238047
"Aligned_ray3_v" 49 0.23457184 0.001814169 0.019029205
"Aligned_ray3_v" 50 0.23873936 0.001792438 0.019648205
"Aligned_ray3_v" 51 0.24469296 0.001835637 0.020476212
"Aligned_ray3_v" 52 0.25183728 0.001950186 0.020895223
"Aligned_ray3_v" 53 0.25481408 0.00201338 0.020648264
"Aligned_ray3_v" 54 0.2321904 0.001746118 0.017308415
"Aligned_ray3_v" 55 0.14884 0.000880542 0.007221134
"Aligned_ray3_v" 56 0.03453088 5.6675e-05 0.000365868
"Aligned_ray3_v" 57 0.01845616 2.8054e-05 0.000329169
"Aligned_ray3_v" 58 0.07858752 0.000139983 0.00269676
"Aligned_ray3_v" 59 0.1845616 0.001218069 0.009923261
"Aligned_ray3_v" 60 0.2560048 0.00218162 0.017905302
"Aligned_ray3_v" 61 0.27029344 0.002447525 0.020631896
"Aligned_ray3_v" 62 0.26255376 0.00231572 0.020684517
"Aligned_ray3_v" 63 0.25124192 0.002120255 0.020045766
"Aligned_ray3_v" 64 0.25183728 0.002048542 0.02035003
"Aligned_ray3_v" 65 0.25243264 0.002065203 0.020743301
"Aligned_ray3_v" 66 0.25124192 0.002136985 0.020957084
"Aligned_ray3_v" 67 0.26136304 0.00222348 0.021684057
"Aligned_ray3_v" 68 0.25481408 0.002047025 0.019256041
"Aligned_ray3_v" 69 0.18694304 0.001362145 0.009813667
"Aligned_ray3_v" 70 0.0654896 0.000352975 0.001355535
"Aligned_ray3_v" 71 0.01667008 1.2424e-05 0.000111238
"Aligned_ray3_v" 72 0.05536848 0.000131124 0.001858685
"Aligned_ray3_v" 73 0.17682192 0.001138232 0.009871261
"Aligned_ray3_v" 74 0.26255376 0.002369949 0.018509725
"Aligned_ray3_v" 75 0.27743776 0.002599706 0.021318466
"Aligned_ray3_v" 76 0.26314912 0.002391443 0.02041659
"Aligned_ray3_v" 77 0.2440976 0.002121099 0.01820989
"Aligned_ray3_v" 78 0.23635792 0.001863255 0.018024102
"Aligned_ray3_v" 79 0.2411208 0.001877455 0.019511135
"Aligned_ray3_v" 80 0.253028 0.002038582 0.020748595
"Aligned_ray3_v" 81 0.26433984 0.002121501 0.021429403
"Aligned_ray3_v" 82 0.26076768 0.002127367 0.019888609
"Aligned_ray3_v" 83 0.22504608 0.001744178 0.014470632
"Aligned_ray3_v" 84 0.11371376 0.000582461 0.004136448
"Aligned_ray3_v" 85 0.0238144 2.9998e-05 0.000222875
"Aligned_ray3_v" 86 0.0386984 7.016e-05 0.000416565
"Aligned_ray3_v" 87 0.13157456 0.000689305 0.005781253
"Aligned_ray3_v" 88 0.2202832 0.001474481 0.01379221
"Aligned_ray3_v" 89 0.26731664 0.002302406 0.019038815
"Aligned_ray3_v" 90 0.26910272 0.00238294 0.019423388
"Aligned_ray3_v" 91 0.2589816 0.002215125 0.019367498
"Aligned_ray3_v" 92 0.24826512 0.001983876 0.018700997
"Aligned_ray3_v" 93 0.23873936 0.001808608 0.018044113
"Aligned_ray3_v" 94 0.22564144 0.001732262 0.017462115
"Aligned_ray3_v" 95 0.23993008 0.001880689 0.018590777
"Aligned_ray3_v" 96 0.2589816 0.002021326 0.019931389
"Aligned_ray3_v" 97 0.26255376 0.002051153 0.020137779
"Aligned_ray3_v" 98 0.23576256 0.001786605 0.016052358
"Aligned_ray3_v" 99 0.14348176 0.000791281 0.006990572
"Aligned_ray3_v" 100 0.02857728 5.8934e-05 0.000200223
"Aligned_ray3_v" 101 0.03334016 6.4317e-05 0.000233568
"Aligned_ray3_v" 102 0.10537872 0.000479118 0.003119602
"Aligned_ray3_v" 103 0.208376 0.001554926 0.011236312
"Aligned_ray3_v" 104 0.2619584 0.002270405 0.017251495
"Aligned_ray3_v" 105 0.27624704 0.00255747 0.020098572
"Aligned_ray3_v" 106 0.2738656 0.002542076 0.020503917
"Aligned_ray3_v" 107 0.26136304 0.00236528 0.019620807
"Aligned_ray3_v" 108 0.25243264 0.002227228 0.018999785
"Aligned_ray3_v" 109 0.2649352 0.002359663 0.019675194
"Aligned_ray3_v" 110 0.27207952 0.002473429 0.019804073
"Aligned_ray3_v" 111 0.26136304 0.002354191 0.018060769
"Aligned_ray3_v" 112 0.20063632 0.00171698 0.011125578
"Aligned_ray3_v" 113 0.07025248 0.000309236 0.002310409
"Aligned_ray3_v" 114 0.0267912 3.3964e-05 0.00012426
"Aligned_ray3_v" 115 0.06668032 0.000134157 0.001858051
"Aligned_ray3_v" 116 0.17324976 0.001079827 0.008476975
"Aligned_ray3_v" 117 0.26255376 0.002513016 0.015782904
"Aligned_ray3_v" 118 0.27862848 0.002855357 0.018136914
"Aligned_ray3_v" 119 0.28398672 0.002942309 0.019699322
"Aligned_ray3_v" 120 0.2738656 0.002696421 0.019601392
"Aligned_ray3_v" 121 0.26255376 0.002474502 0.018803462
"Aligned_ray3_v" 122 0.26850736 0.002636039 0.020003173
"Aligned_ray3_v" 123 0.2768424 0.002628996 0.020555541
"Aligned_ray3_v" 124 0.26672128 0.002484955 0.018437027
"Aligned_ray3_v" 125 0.22683216 0.001956958 0.013070106
"Aligned_ray3_v" 126 0.11133232 0.000620738 0.003362975
"Aligned_ray3_v" 127 0.04048448 0.000125293 0.000229816
"Aligned_ray3_v" 128 0.04227056 9.3971e-05 0.000453385
"Aligned_ray3_v" 129 0.13336064 0.000730573 0.006046023
"Aligned_ray3_v" 130 0.23278576 0.001941583 0.013601318
"Aligned_ray3_v" 131 0.2857728 0.002946295 0.019124237
"Aligned_ray3_v" 132 0.29887072 0.003210069 0.021131244
"Aligned_ray3_v" 133 0.28696352 0.003091012 0.020776278
"Aligned_ray3_v" 134 0.27505632 0.002847076 0.020353746
"Aligned_ray3_v" 135 0.2857728 0.002947791 0.020785335
"Aligned_ray3_v" 136 0.2738656 0.002721518 0.019068233
"Aligned_ray3_v" 137 0.22266464 0.001912127 0.012606878
"Aligned_ray3_v" 138 0.10895088 0.000509764 0.00253828
"Aligned_ray3_v" 139 0.03631696 5.4141e-05 0.000295514
"Aligned_ray3_v" 140 0.0535824 0.000117041 0.000891647
"Aligned_ray3_v" 141 0.15062608 0.000960224 0.00542286
"Aligned_ray3_v" 142 0.23873936 0.001976868 0.013654393
"Aligned_ray3_v" 143 0.28220064 0.002843491 0.018694628
"Aligned_ray3_v" 144 0.2887496 0.003080456 0.019720506
"Aligned_ray3_v" 145 0.27743776 0.002943356 0.019814439
"Aligned_ray3_v" 146 0.27922384 0.002823773 0.019608921
"Aligned_ray3_v" 147 0.27803312 0.002826225 0.018813922
"Aligned_ray3_v" 148 0.25779088 0.002391953 0.015874328
"Aligned_ray3_v" 149 0.20956672 0.001691584 0.010222383
"Aligned_ray3_v" 150 0.12085808 0.000540959 0.003279369
"Aligned_ray3_v" 151 0.05536848 0.00014534 0.000635478
"Aligned_ray3_v" 152 0.06132208 0.000182723 0.00075448
"Aligned_ray3_v" 153 0.15955648 0.000900328 0.006103825
"Aligned_ray3_v" 154 0.23695328 0.002006558 0.012449306
"Aligned_ray3_v" 155 0.282796 0.002989483 0.016659248
"Aligned_ray3_v" 156 0.2798192 0.00292398 0.016809786
"Aligned_ray3_v" 157 0.267912 0.00271509 0.015990178
"Aligned_ray3_v" 158 0.25124192 0.002281981 0.015108915
"Aligned_ray3_v" 159 0.25064656 0.002288188 0.015072399
"Aligned_ray3_v" 160 0.26136304 0.00237587 0.016245279
"Aligned_ray3_v" 161 0.26612592 0.002515727 0.01582307
"Aligned_ray3_v" 162 0.25957696 0.002404878 0.014439499
"Aligned_ray3_v" 163 0.21492496 0.001725302 0.00986417
"Aligned_ray3_v" 164 0.1250256 0.000642079 0.003529209
"Aligned_ray3_v" 165 0.05477312 0.000130468 0.000500835
"Aligned_ray3_v" 166 0.04584272 0.000104147 0.000557273
"Aligned_ray3_v" 167 0.119072 0.000531376 0.003560063
"Aligned_ray3_v" 168 0.22326 0.001927505 0.00973762
"Aligned_ray3_v" 169 0.26374448 0.002592136 0.014038486
"Aligned_ray3_v" 170 0.26612592 0.00262126 0.015216941
"Aligned_ray3_v" 171 0.25719552 0.002548259 0.014873551
"Aligned_ray3_v" 172 0.24766976 0.002382829 0.01434965
"Aligned_ray3_v" 173 0.2560048 0.002522997 0.014601046
"Aligned_ray3_v" 174 0.26076768 0.002528431 0.014619577
"Aligned_ray3_v" 175 0.23397648 0.002088415 0.011511156
"Aligned_ray3_v" 176 0.16789152 0.001066458 0.006096041
"Aligned_ray3_v" 177 0.08215968 0.000251991 0.001571231
"Aligned_ray3_v" 178 0.03810304 9.3092e-05 0.000212052
"Aligned_ray3_v" 179 0.07799216 0.000291608 0.001472494
"Aligned_ray3_v" 180 0.19825488 0.001499803 0.008845531
"Aligned_ray3_v" 181 0.25540944 0.00245601 0.013182963
"Aligned_ray3_v" 182 0.26672128 0.002754964 0.014361098
"Aligned_ray3_v" 183 0.25243264 0.002474576 0.013605918
"Aligned_ray3_v" 184 0.24350224 0.002291685 0.013179774
"Aligned_ray3_v" 185 0.23397648 0.002130267 0.012733991
"Aligned_ray3_v" 186 0.2202832 0.001846889 0.012034164
"Aligned_ray3_v" 187 0.21611568 0.00179403 0.011855473
"Aligned_ray3_v" 188 0.22266464 0.001906803 0.012367729
"Aligned_ray3_v" 189 0.22206928 0.001971044 0.012218789
"Aligned_ray3_v" 190 0.2292136 0.00215233 0.01209976
"Aligned_ray3_v" 191 0.23099968 0.002123349 0.01206629
"Aligned_ray3_v" 192 0.21790176 0.001924686 0.011230699
"Aligned_ray3_v" 193 0.1815848 0.001542019 0.009451048
"Aligned_ray3_v" 194 0.15836576 0.001344428 0.008166115
"Aligned_ray3_v" 195 0.1756312 0.001508976 0.008301921
"Aligned_ray3_v" 196 0.21075744 0.001895207 0.009664134
"Aligned_ray3_v" 197 0.22564144 0.002148951 0.010759974
"Aligned_ray3_v" 198 0.2262368 0.002180509 0.010928845
"Aligned_ray3_v" 199 0.21968784 0.002018938 0.010732414
"Aligned_ray3_v" 200 0.21075744 0.001906621 0.01008676
"Aligned_ray3_v" 201 0.20480384 0.001802136 0.009659668
"Aligned_ray3_v" 202 0.20182704 0.001789156 0.009182729
"Aligned_ray3_v" 203 0.20599456 0.00187954 0.00939741
"Aligned_ray3_v" 204 0.2024224 0.001944049 0.00921181
"Aligned_ray3_v" 205 0.19170592 0.001847951 0.008612458
"Aligned_ray3_v" 206 0.17503584 0.001615511 0.007850277
"Aligned_ray3_v" 207 0.1458632 0.00117289 0.005624684
"Aligned_ray3_v" 208 0.14348176 0.001209272 0.005411062
"Aligned_ray3_v" 209 0.16551008 0.001516783 0.006039869
"Aligned_ray3_v" 210 0.1964688 0.001920288 0.00757034
"Aligned_ray3_v" 211 0.20658992 0.002024616 0.008487224
"Aligned_ray3_v" 212 0.2053992 0.001986676 0.008438077
"Aligned_ray3_v" 213 0.19765952 0.00177962 0.00814988
"Aligned_ray3_v" 214 0.18694304 0.001616538 0.007523547
"Aligned_ray3_v" 215 0.17622656 0.001506782 0.007064237
"Aligned_ray3_v" 216 0.18337088 0.001594749 0.007168197
"Aligned_ray3_v" 217 0.18277552 0.001601031 0.006757681
"Aligned_ray3_v" 218 0.18396624 0.001642288 0.006910021
"Aligned_ray3_v" 219 0.1875384 0.0016145 0.0070687
"Aligned_ray3_v" 220 0.1726544 0.00142052 0.006195031
"Aligned_ray3_v" 221 0.15241216 0.001217171 0.005555685
"Aligned_ray3_v" 222 0.13276528 0.001043877 0.004679766
"Aligned_ray3_v" 223 0.13514672 0.001114183 0.004529495
"Aligned_ray3_v" 224 0.14705392 0.001468093 0.004789955
"Aligned_ray3_v" 225 0.16134256 0.001661799 0.005783996
"Aligned_ray3_v" 226 0.16848688 0.001602905 0.006283573
"Aligned_ray3_v" 227 0.16491472 0.001517862 0.00597527
"Aligned_ray3_v" 228 0.16551008 0.001453967 0.00585046
"Aligned_ray3_v" 229 0.16908224 0.001480357 0.005876384
"Aligned_ray3_v" 230 0.15955648 0.001426628 0.005631258
"Aligned_ray3_v" 231 0.1547936 0.001366126 0.005465462
"Aligned_ray3_v" 232 0.1577704 0.001441244 0.005641661
"Aligned_ray3_v" 233 0.16431936 0.001547025 0.005710528
"Aligned_ray3_v" 234 0.17146368 0.001593147 0.006013016
"Aligned_ray3_v" 235 0.17741728 0.001625239 0.006349229
"Aligned_ray3_v" 236 0.16134256 0.001505666 0.00563967
"Aligned_ray3_v" 237 0.13574208 0.001232657 0.004772898
"Aligned_ray3_v" 238 0.133956 0.001223203 0.004523339
"Aligned_ray3_v" 239 0.13752816 0.001241587 0.004597164
"Aligned_ray3_v" 240 0.14645856 0.001338927 0.00498484
"Aligned_ray3_v" 241 0.14943536 0.001381835 0.005199873
"Aligned_ray3_v" 242 0.1577704 0.00141762 0.005473021
"Aligned_ray3_v" 243 0.15538896 0.001351814 0.005521376
"Aligned_ray3_v" 244 0.15538896 0.001319916 0.005412052
"Aligned_ray3_v" 245 0.14884 0.001280711 0.005338588
"Aligned_ray3_v" 246 0.15062608 0.001407781 0.005327767
"Aligned_ray3_v" 247 0.14943536 0.001431427 0.005502373
"Aligned_ray3_v" 248 0.16134256 0.001639084 0.006031207
"Aligned_ray3_v" 249 0.17622656 0.001861468 0.006447615
"Aligned_ray3_v" 250 0.17741728 0.001873697 0.006236262
"Aligned_ray3_v" 251 0.17801264 0.001782362 0.006143125
"Aligned_ray3_v" 252 0.16551008 0.001636408 0.005664159
"Aligned_ray3_v" 253 0.16431936 0.00158566 0.005651581
"Aligned_ray3_v" 254 0.17086832 0.00171057 0.005508868
"Aligned_ray3_v" 255 0.18039408 0.001797436 0.00597893
"Aligned_ray3_v" 256 0.18813376 0.00181005 0.006452003
"Aligned_ray3_v" 257 0.18515696 0.001731926 0.00653946
"Aligned_ray3_v" 258 0.17920336 0.001595524 0.006077356
"Aligned_ray3_v" 259 0.1667008 0.001457378 0.005947588
"Aligned_ray3_v" 260 0.15896112 0.001305818 0.005602672
"Aligned_ray3_v" 261 0.1547936 0.001267107 0.005423277
"Aligned_ray3_v" 262 0.15598432 0.001256669 0.00563637
"Aligned_ray3_v" 263 0.16134256 0.001350686 0.005905069
"Aligned_ray3_v" 264 0.15955648 0.001373443 0.005738643
"Aligned_ray3_v" 265 0.15717504 0.001417086 0.005693692
"Aligned_ray3_v" 266 0.1518168 0.001441437 0.005480647
"Aligned_ray3_v" 267 0.14943536 0.001436967 0.005353021
"Aligned_ray3_v" 268 0.15538896 0.001445125 0.005667893
"Aligned_ray3_v" 269 0.15598432 0.001378875 0.005650785
"Aligned_ray3_v" 270 0.15062608 0.001332851 0.005361594
"Aligned_ray3_v" 271 0.14764928 0.00128909 0.00529937
"Aligned_ray3_v" 272 0.15598432 0.001292706 0.005614303
"Aligned_ray3_v" 273 0.15836576 0.001250622 0.005572431
"Aligned_ray3_v" 274 0.15598432 0.001210019 0.005403393
"Aligned_ray3_v" 275 0.1458632 0.001098003 0.005107957
