"fin" "slice" "csa" "second_moment_min" "second_moment_max"
"Aligned_ray1_d" 13 0.05 0.000153 0.000867
"Aligned_ray1_d" 14 0.052 0.000156 0.001
"Aligned_ray1_d" 15 0.053 0.000152 0.001
"Aligned_ray1_d" 16 0.054 0.000153 0.001
"Aligned_ray1_d" 17 0.053 0.000155 0.001
"Aligned_ray1_d" 18 0.052 0.000153 0.000995
"Aligned_ray1_d" 19 0.051 0.000149 0.001
"Aligned_ray1_d" 20 0.054 0.000154 0.001
"Aligned_ray1_d" 21 0.051 0.000149 0.000926
"Aligned_ray1_d" 22 0.05 0.000148 0.000897
"Aligned_ray1_d" 23 0.052 0.000158 0.000972
"Aligned_ray1_d" 24 0.057 0.000198 0.001
"Aligned_ray1_d" 25 0.057 0.000184 0.001
"Aligned_ray1_d" 26 0.058 0.000212 0.001
"Aligned_ray1_d" 27 0.051 0.000158 0.000864
"Aligned_ray1_d" 28 0.053 0.000158 0.000895
"Aligned_ray1_d" 29 0.053 0.000171 0.000868
"Aligned_ray1_d" 30 0.057 0.000179 0.000957
"Aligned_ray1_d" 31 0.064 0.000221 0.001
"Aligned_ray1_d" 32 0.07 0.000289 0.001
"Aligned_ray1_d" 33 0.075 0.000325 0.001
"Aligned_ray1_d" 34 0.075 0.000335 0.001
"Aligned_ray1_d" 35 0.074 0.00031 0.001
"Aligned_ray1_d" 36 0.068 0.000276 0.001
"Aligned_ray1_d" 37 0.064 0.00024 0.000959
"Aligned_ray1_d" 38 0.06 0.000205 0.000894
"Aligned_ray1_d" 39 0.056 0.000196 0.000857
"Aligned_ray1_d" 40 0.054 0.000168 0.00085
"Aligned_ray1_d" 41 0.053 0.000166 0.000813
"Aligned_ray1_d" 42 0.049 0.000151 0.000758
"Aligned_ray1_d" 43 0.049 0.000151 0.00077
"Aligned_ray1_d" 44 0.05 0.000155 0.000768
"Aligned_ray1_d" 45 0.049 0.000154 0.000707
"Aligned_ray1_d" 46 0.053 0.00017 0.000782
"Aligned_ray1_d" 47 0.051 0.000174 0.000747
"Aligned_ray1_d" 48 0.052 0.000178 0.000794
"Aligned_ray1_d" 49 0.053 0.000184 0.000838
"Aligned_ray1_d" 50 0.05 0.000155 0.00075
"Aligned_ray1_d" 51 0.051 0.000164 0.000779
"Aligned_ray1_d" 52 0.049 0.000145 0.000718
"Aligned_ray1_d" 53 0.049 0.000144 0.000739
"Aligned_ray1_d" 54 0.049 0.00015 0.000732
"Aligned_ray1_d" 55 0.05 0.00015 0.000733
"Aligned_ray1_d" 56 0.049 0.00015 0.000747
"Aligned_ray1_d" 57 0.048 0.000142 0.000738
"Aligned_ray1_d" 58 0.047 0.000137 0.000712
"Aligned_ray1_d" 59 0.047 0.000144 0.000709
"Aligned_ray1_d" 60 0.049 0.000157 0.000732
"Aligned_ray1_d" 61 0.053 0.000188 0.000823
"Aligned_ray1_d" 62 0.052 0.000185 0.000827
"Aligned_ray1_d" 63 0.052 0.00018 0.000814
"Aligned_ray1_d" 64 0.05 0.000182 0.000723
"Aligned_ray1_d" 65 0.047 0.000146 0.000724
"Aligned_ray1_d" 66 0.048 0.000142 0.000719
"Aligned_ray1_d" 67 0.047 0.000145 0.000697
"Aligned_ray1_d" 68 0.045 0.00014 0.000691
"Aligned_ray1_d" 69 0.049 0.000163 0.000716
"Aligned_ray1_d" 70 0.049 0.000157 0.000733
"Aligned_ray1_d" 71 0.053 0.000162 0.000788
"Aligned_ray1_d" 72 0.055 0.000193 0.000813
"Aligned_ray1_d" 73 0.058 0.00021 0.000844
"Aligned_ray1_d" 74 0.066 0.000283 0.000976
"Aligned_ray1_d" 75 0.068 0.000295 0.001
"Aligned_ray1_d" 76 0.066 0.000302 0.000824
"Aligned_ray1_d" 77 0.057 0.00022 0.000658
"Aligned_ray1_d" 78 0.059 0.000207 0.000786
"Aligned_ray1_d" 79 0.063 0.000255 0.00082
"Aligned_ray1_d" 80 0.061 0.000242 0.000802
"Aligned_ray1_d" 81 0.058 0.000219 0.000788
"Aligned_ray1_d" 82 0.055 0.000202 0.000808
"Aligned_ray1_d" 83 0.051 0.000169 0.000775
"Aligned_ray1_d" 84 0.05 0.000175 0.000758
"Aligned_ray1_d" 85 0.048 0.000138 0.000759
"Aligned_ray1_d" 86 0.051 0.000152 0.000839
"Aligned_ray1_d" 87 0.052 0.000163 0.00082
"Aligned_ray1_d" 88 0.052 0.000158 0.000867
"Aligned_ray1_d" 89 0.057 0.000211 0.001
"Aligned_ray1_d" 90 0.056 0.000186 0.000988
"Aligned_ray1_d" 91 0.056 0.000184 0.000992
"Aligned_ray1_d" 92 0.051 0.000162 0.000861
"Aligned_ray1_d" 93 0.05 0.000142 0.000825
"Aligned_ray1_d" 94 0.051 0.000167 0.000889
"Aligned_ray1_d" 95 0.051 0.000154 0.000868
"Aligned_ray1_d" 96 0.052 0.000162 0.000821
"Aligned_ray1_d" 97 0.052 0.000157 0.000814
"Aligned_ray1_d" 98 0.052 0.00016 0.000824
"Aligned_ray1_d" 99 0.052 0.00016 0.000844
"Aligned_ray1_d" 100 0.052 0.000159 0.000857
"Aligned_ray1_d" 101 0.055 0.00017 0.000936
"Aligned_ray1_d" 102 0.055 0.000177 0.000948
"Aligned_ray1_d" 103 0.056 0.000178 0.000997
"Aligned_ray1_d" 104 0.058 0.000196 0.001
"Aligned_ray1_d" 105 0.053 0.000171 0.000913
"Aligned_ray1_d" 106 0.051 0.000159 0.000863
"Aligned_ray1_d" 107 0.049 0.000145 0.000786
"Aligned_ray1_d" 108 0.05 0.000149 0.000839
"Aligned_ray1_d" 109 0.053 0.000172 0.000899
"Aligned_ray1_d" 110 0.052 0.000157 0.000859
"Aligned_ray1_d" 111 0.051 0.000156 0.000815
"Aligned_ray1_d" 112 0.052 0.000164 0.00084
"Aligned_ray1_d" 113 0.053 0.000167 0.00086
"Aligned_ray1_d" 114 0.057 0.000203 0.00088
"Aligned_ray1_d" 115 0.059 0.000214 0.000837
"Aligned_ray1_d" 116 0.061 0.000224 0.000794
"Aligned_ray1_d" 117 0.057 0.000214 0.000661
"Aligned_ray1_d" 118 0.057 0.000207 0.000792
"Aligned_ray1_d" 119 0.062 0.000224 0.000866
"Aligned_ray1_d" 120 0.06 2e-04 0.000835
"Aligned_ray1_d" 121 0.056 0.000197 0.000751
"Aligned_ray1_d" 122 0.05 0.000171 0.000679
"Aligned_ray1_d" 123 0.049 0.000163 7e-04
"Aligned_ray1_d" 124 0.047 0.000142 0.000634
"Aligned_ray1_d" 125 0.046 0.000135 0.000634
"Aligned_ray1_d" 126 0.045 0.000151 0.000602
"Aligned_ray1_d" 127 0.045 0.00015 0.000602
"Aligned_ray1_d" 128 0.048 0.000156 0.000679
"Aligned_ray1_d" 129 0.049 0.000175 0.000664
"Aligned_ray1_d" 130 0.044 0.000142 0.000601
"Aligned_ray1_d" 131 0.044 0.000141 0.000593
"Aligned_ray1_d" 132 0.044 0.000139 0.000623
"Aligned_ray1_d" 133 0.043 0.000139 0.00062
"Aligned_ray1_d" 134 0.043 0.000139 0.00062
"Aligned_ray1_d" 135 0.044 0.000143 0.00064
"Aligned_ray1_d" 136 0.044 0.000141 0.000659
"Aligned_ray1_d" 137 0.046 0.000147 0.000667
"Aligned_ray1_d" 138 0.044 0.000136 0.000641
"Aligned_ray1_d" 139 0.045 0.000139 0.000655
"Aligned_ray1_d" 140 0.044 0.000133 0.00063
"Aligned_ray1_d" 141 0.047 0.000148 0.000659
"Aligned_ray1_d" 142 0.047 0.000154 0.00065
"Aligned_ray1_d" 143 0.049 0.000163 0.000724
"Aligned_ray1_d" 144 0.049 0.00016 0.000697
"Aligned_ray1_d" 145 0.042 0.000121 0.000584
"Aligned_ray1_d" 146 0.045 0.000124 0.000609
"Aligned_ray1_d" 147 0.045 0.000125 0.000621
"Aligned_ray1_d" 148 0.044 0.000114 0.000623
"Aligned_ray1_d" 149 0.047 0.000137 0.000678
"Aligned_ray1_d" 150 0.049 0.000146 0.000724
"Aligned_ray1_d" 151 0.05 0.000157 0.000709
"Aligned_ray1_d" 152 0.053 0.000191 0.000656
"Aligned_ray1_d" 153 0.054 0.000204 0.000674
"Aligned_ray1_d" 154 0.057 0.000214 0.000681
"Aligned_ray1_d" 155 0.051 0.00016 0.000705
"Aligned_ray1_d" 156 0.053 0.000167 0.000728
"Aligned_ray1_d" 157 0.058 0.000203 0.000784
"Aligned_ray1_d" 158 0.054 0.000189 0.000758
"Aligned_ray1_d" 159 0.054 0.000188 0.000765
"Aligned_ray1_d" 160 0.05 0.000162 0.000746
"Aligned_ray1_d" 161 0.051 0.000166 0.000734
"Aligned_ray1_d" 162 0.052 0.00019 0.000814
"Aligned_ray1_d" 163 0.052 0.000179 0.000874
"Aligned_ray1_d" 164 0.053 0.000187 0.000852
"Aligned_ray1_d" 165 0.047 0.000138 0.000713
"Aligned_ray1_d" 166 0.047 0.000135 0.000678
"Aligned_ray1_d" 167 0.042 0.000117 0.000581
"Aligned_ray1_d" 168 0.044 0.000131 0.00068
"Aligned_ray1_d" 169 0.046 0.000145 0.000713
"Aligned_ray1_d" 170 0.045 0.000145 0.000705
"Aligned_ray1_d" 171 0.047 0.000156 0.000652
"Aligned_ray1_d" 172 0.045 0.000159 0.000633
"Aligned_ray1_d" 173 0.045 0.000159 0.000642
"Aligned_ray1_d" 174 0.048 0.00018 0.000665
"Aligned_ray1_d" 175 0.043 0.000152 0.000613
"Aligned_ray1_d" 176 0.044 0.000128 0.000618
"Aligned_ray1_d" 177 0.041 0.000117 0.000555
"Aligned_ray1_d" 178 0.04 0.000109 0.00055
"Aligned_ray1_d" 179 0.04 0.000125 0.000486
"Aligned_ray1_d" 180 0.04 0.000129 0.000502
"Aligned_ray1_d" 181 0.042 0.00014 0.000541
"Aligned_ray1_d" 182 0.042 0.000147 0.000534
"Aligned_ray1_d" 183 0.043 0.000149 0.00056
"Aligned_ray1_d" 184 0.044 0.000146 0.00054
"Aligned_ray1_d" 185 0.042 0.000123 0.000517
"Aligned_ray1_d" 186 0.046 0.00015 0.000611
"Aligned_ray1_d" 187 0.046 0.000164 0.000547
"Aligned_ray1_d" 188 0.042 0.000143 0.000502
"Aligned_ray1_d" 189 0.051 0.000214 0.000588
"Aligned_ray1_d" 190 0.051 0.000215 0.000548
"Aligned_ray1_d" 191 0.053 0.000231 0.000548
"Aligned_ray1_d" 192 0.055 0.000235 0.000601
"Aligned_ray1_d" 193 0.055 0.000238 6e-04
"Aligned_ray1_d" 194 0.054 0.000226 0.000587
"Aligned_ray1_d" 195 0.05 0.00019 0.000588
"Aligned_ray1_d" 196 0.051 0.000185 0.000624
"Aligned_ray1_d" 197 0.049 0.000174 0.000589
"Aligned_ray1_d" 198 0.046 0.000148 0.000623
"Aligned_ray1_d" 199 0.047 0.000166 0.000643
"Aligned_ray1_d" 200 0.047 0.000161 0.000648
"Aligned_ray1_d" 201 0.048 0.00018 0.000649
"Aligned_ray1_d" 202 0.049 0.000202 0.000666
"Aligned_ray1_d" 203 0.047 0.000184 0.000651
"Aligned_ray1_d" 204 0.047 0.00016 0.000651
"Aligned_ray1_d" 205 0.041 0.000126 0.000591
"Aligned_ray1_d" 206 0.042 0.000121 0.000607
"Aligned_ray1_d" 207 0.045 0.00014 0.000624
"Aligned_ray1_d" 208 0.041 0.000124 0.000582
"Aligned_ray1_d" 209 0.047 0.000151 0.000636
"Aligned_ray1_d" 210 0.045 0.000168 0.000622
"Aligned_ray1_d" 211 0.048 0.000203 0.000658
"Aligned_ray1_d" 212 0.046 0.000188 0.000619
"Aligned_ray1_d" 213 0.043 0.000142 0.000591
"Aligned_ray1_d" 214 0.045 0.000154 0.000598
"Aligned_ray1_d" 215 0.042 0.000136 0.000573
"Aligned_ray1_d" 216 0.043 0.000137 0.000592
"Aligned_ray1_d" 217 0.044 0.000149 0.00061
"Aligned_ray1_d" 218 0.044 0.000149 0.000603
"Aligned_ray1_d" 219 0.044 0.000151 0.000599
"Aligned_ray1_d" 220 0.042 0.000136 0.000507
"Aligned_ray1_d" 221 0.048 0.000179 0.00058
"Aligned_ray1_d" 222 0.053 0.000229 0.000614
"Aligned_ray1_d" 223 0.057 0.00026 0.000698
"Aligned_ray1_d" 224 0.064 0.000324 0.00078
"Aligned_ray1_d" 225 0.059 0.000249 0.000796
"Aligned_ray1_d" 226 0.06 0.00026 0.000785
"Aligned_ray1_d" 227 0.058 0.000216 0.000756
"Aligned_ray1_d" 228 0.055 0.000196 0.000731
"Aligned_ray1_d" 229 0.056 0.000199 0.000738
"Aligned_ray1_d" 230 0.049 0.000169 0.000698
"Aligned_ray1_d" 231 0.051 0.000194 0.00071
"Aligned_ray1_d" 232 0.049 0.000196 0.000709
"Aligned_ray1_d" 233 0.047 0.000157 0.000684
"Aligned_ray1_v" 17 0.05 0.000143 0.000829
"Aligned_ray1_v" 18 0.051 0.000145 0.000831
"Aligned_ray1_v" 19 0.056 0.00017 0.000896
"Aligned_ray1_v" 20 0.057 0.000178 0.000898
"Aligned_ray1_v" 21 0.061 0.000195 0.000959
"Aligned_ray1_v" 22 0.062 0.000196 0.000916
"Aligned_ray1_v" 23 0.064 0.000207 0.000931
"Aligned_ray1_v" 24 0.063 0.000194 0.000913
"Aligned_ray1_v" 25 0.06 0.000181 0.000918
"Aligned_ray1_v" 26 0.06 0.000181 0.000939
"Aligned_ray1_v" 27 0.055 0.000165 0.000919
"Aligned_ray1_v" 28 0.054 0.000159 0.000949
"Aligned_ray1_v" 29 0.053 0.000182 0.000932
"Aligned_ray1_v" 30 0.048 0.000138 0.000828
"Aligned_ray1_v" 31 0.049 0.000128 0.000826
"Aligned_ray1_v" 32 0.049 0.000133 0.000837
"Aligned_ray1_v" 33 0.049 0.000143 0.000832
"Aligned_ray1_v" 34 0.049 0.000138 0.000801
"Aligned_ray1_v" 35 0.045 0.000116 0.000707
"Aligned_ray1_v" 36 0.047 0.000121 0.000742
"Aligned_ray1_v" 37 0.047 0.000124 0.000765
"Aligned_ray1_v" 38 0.046 0.00012 0.000735
"Aligned_ray1_v" 39 0.045 0.000126 0.000692
"Aligned_ray1_v" 40 0.047 0.000133 0.000717
"Aligned_ray1_v" 41 0.047 0.000134 0.00073
"Aligned_ray1_v" 42 0.045 0.000124 0.000675
"Aligned_ray1_v" 43 0.045 0.000119 0.000662
"Aligned_ray1_v" 44 0.047 0.000134 0.000726
"Aligned_ray1_v" 45 0.046 0.000134 0.000714
"Aligned_ray1_v" 46 0.047 0.000124 0.000757
"Aligned_ray1_v" 47 0.05 0.000158 0.000759
"Aligned_ray1_v" 48 0.046 0.000123 0.000682
"Aligned_ray1_v" 49 0.043 0.00011 0.000628
"Aligned_ray1_v" 50 0.043 0.000116 0.000636
"Aligned_ray1_v" 51 0.047 0.000136 0.000695
"Aligned_ray1_v" 52 0.046 0.000136 0.00069
"Aligned_ray1_v" 53 0.048 0.000136 0.000826
"Aligned_ray1_v" 54 0.053 0.000173 0.000878
"Aligned_ray1_v" 55 0.046 0.000137 0.000718
"Aligned_ray1_v" 56 0.044 0.00012 0.000688
"Aligned_ray1_v" 57 0.044 0.000134 0.000664
"Aligned_ray1_v" 58 0.043 0.000128 0.000659
"Aligned_ray1_v" 59 0.048 0.000144 0.000715
"Aligned_ray1_v" 60 0.051 0.000164 0.000774
"Aligned_ray1_v" 61 0.051 0.000167 0.000807
"Aligned_ray1_v" 62 0.06 0.000212 9e-04
"Aligned_ray1_v" 63 0.065 0.000248 0.000997
"Aligned_ray1_v" 64 0.068 0.000258 0.00096
"Aligned_ray1_v" 65 0.065 0.000237 0.000925
"Aligned_ray1_v" 66 0.065 0.000226 0.000926
"Aligned_ray1_v" 67 0.06 0.000198 0.000821
"Aligned_ray1_v" 68 0.055 0.00017 0.000765
"Aligned_ray1_v" 69 0.055 0.000169 0.000796
"Aligned_ray1_v" 70 0.05 0.000151 0.000739
"Aligned_ray1_v" 71 0.051 0.000159 0.000793
"Aligned_ray1_v" 72 0.051 0.000157 0.000786
"Aligned_ray1_v" 73 0.049 0.000153 0.000799
"Aligned_ray1_v" 74 0.05 0.000135 0.000757
"Aligned_ray1_v" 75 0.044 0.000128 0.000635
"Aligned_ray1_v" 76 0.043 0.000116 0.000637
"Aligned_ray1_v" 77 0.045 0.000124 0.000663
"Aligned_ray1_v" 78 0.048 0.000129 0.000686
"Aligned_ray1_v" 79 0.049 0.000145 0.000712
"Aligned_ray1_v" 80 0.048 0.000143 0.000712
"Aligned_ray1_v" 81 0.045 0.000132 0.000645
"Aligned_ray1_v" 82 0.045 0.000127 0.000687
"Aligned_ray1_v" 83 0.047 0.000123 0.000697
"Aligned_ray1_v" 84 0.046 0.000118 0.000716
"Aligned_ray1_v" 85 0.05 0.000128 0.000781
"Aligned_ray1_v" 86 0.049 0.000134 0.000741
"Aligned_ray1_v" 87 0.051 0.000141 0.000801
"Aligned_ray1_v" 88 0.05 0.000133 0.000786
"Aligned_ray1_v" 89 0.048 0.000123 0.000758
"Aligned_ray1_v" 90 0.048 0.000122 0.000747
"Aligned_ray1_v" 91 0.053 0.000146 0.000868
"Aligned_ray1_v" 92 0.051 0.000148 0.000862
"Aligned_ray1_v" 93 0.048 0.000135 0.000768
"Aligned_ray1_v" 94 0.05 0.000126 0.000776
"Aligned_ray1_v" 95 0.05 0.000136 0.000803
"Aligned_ray1_v" 96 0.048 0.00013 0.000782
"Aligned_ray1_v" 97 0.051 0.000139 0.000823
"Aligned_ray1_v" 98 0.052 0.000155 0.000807
"Aligned_ray1_v" 99 0.053 0.000188 0.000815
"Aligned_ray1_v" 100 0.053 0.000191 0.000811
"Aligned_ray1_v" 101 0.055 0.000173 0.000848
"Aligned_ray1_v" 102 0.056 0.000187 0.000875
"Aligned_ray1_v" 103 0.055 0.000179 0.000852
"Aligned_ray1_v" 104 0.049 0.000148 0.000742
"Aligned_ray1_v" 105 0.052 0.000147 0.000809
"Aligned_ray1_v" 106 0.056 0.000173 0.00084
"Aligned_ray1_v" 107 0.056 0.00019 0.000839
"Aligned_ray1_v" 108 0.061 0.000217 0.000857
"Aligned_ray1_v" 109 0.067 0.000253 0.000899
"Aligned_ray1_v" 110 0.068 0.000282 0.000818
"Aligned_ray1_v" 111 0.07 0.000269 0.000853
"Aligned_ray1_v" 112 0.067 0.000268 0.00082
"Aligned_ray1_v" 113 0.067 0.000266 0.000842
"Aligned_ray1_v" 114 0.067 0.000263 0.000887
"Aligned_ray1_v" 115 0.062 0.000234 0.000865
"Aligned_ray1_v" 116 0.057 0.000207 0.000816
"Aligned_ray1_v" 117 0.056 0.000187 0.000823
"Aligned_ray1_v" 118 0.055 0.000177 0.000823
"Aligned_ray1_v" 119 0.05 0.000154 0.000743
"Aligned_ray1_v" 120 0.049 0.000144 0.000724
"Aligned_ray1_v" 121 0.051 0.000146 0.000794
"Aligned_ray1_v" 122 0.05 0.00016 0.000747
"Aligned_ray1_v" 123 0.047 0.000148 0.000685
"Aligned_ray1_v" 124 0.044 0.000136 0.000638
"Aligned_ray1_v" 125 0.046 0.000143 0.000647
"Aligned_ray1_v" 126 0.044 0.000126 0.000588
"Aligned_ray1_v" 127 0.045 0.000131 0.000624
"Aligned_ray1_v" 128 0.05 0.000162 0.000699
"Aligned_ray1_v" 129 0.047 0.000142 0.000626
"Aligned_ray1_v" 130 0.048 0.000136 0.000677
"Aligned_ray1_v" 131 0.047 0.000151 0.000619
"Aligned_ray1_v" 132 0.044 0.000121 0.000565
"Aligned_ray1_v" 133 0.045 0.000131 0.000578
"Aligned_ray1_v" 134 0.045 0.000141 0.000586
"Aligned_ray1_v" 135 0.047 0.00014 0.00061
"Aligned_ray1_v" 136 0.05 0.00016 0.000724
"Aligned_ray1_v" 137 0.049 0.000157 0.000737
"Aligned_ray1_v" 138 0.051 0.000152 0.000741
"Aligned_ray1_v" 139 0.05 0.000155 0.000684
"Aligned_ray1_v" 140 0.045 0.000128 0.000634
"Aligned_ray1_v" 141 0.046 0.000129 0.000664
"Aligned_ray1_v" 142 0.047 0.000139 0.000704
"Aligned_ray1_v" 143 0.044 0.000133 0.000627
"Aligned_ray1_v" 144 0.047 0.00014 0.000671
"Aligned_ray1_v" 145 0.05 0.00016 0.000727
"Aligned_ray1_v" 146 0.05 0.000172 0.000757
"Aligned_ray1_v" 147 0.051 0.000167 0.000779
"Aligned_ray1_v" 148 0.048 0.000143 0.000736
"Aligned_ray1_v" 149 0.048 0.000137 0.000717
"Aligned_ray1_v" 150 0.053 0.000167 0.000807
"Aligned_ray1_v" 151 0.055 0.000181 0.000856
"Aligned_ray1_v" 152 0.059 0.000193 0.000898
"Aligned_ray1_v" 153 0.064 0.000225 0.000868
"Aligned_ray1_v" 154 0.06 0.000226 0.000665
"Aligned_ray1_v" 155 0.065 0.000232 0.000813
"Aligned_ray1_v" 156 0.066 0.00025 0.000924
"Aligned_ray1_v" 157 0.065 0.000232 0.000927
"Aligned_ray1_v" 158 0.066 0.000234 0.000967
"Aligned_ray1_v" 159 0.069 0.000252 0.001
"Aligned_ray1_v" 160 0.06 0.000215 0.000925
"Aligned_ray1_v" 161 0.059 0.000201 0.000926
"Aligned_ray1_v" 162 0.057 0.000196 0.000926
"Aligned_ray1_v" 163 0.053 0.00019 0.000859
"Aligned_ray1_v" 164 0.052 0.000176 0.000808
"Aligned_ray1_v" 165 0.051 0.000156 0.000781
"Aligned_ray1_v" 166 0.046 0.000133 0.000727
"Aligned_ray1_v" 167 0.047 0.000138 0.000713
"Aligned_ray1_v" 168 0.047 0.000132 0.00068
"Aligned_ray1_v" 169 0.047 0.00013 0.000674
"Aligned_ray1_v" 170 0.049 0.000137 0.000687
"Aligned_ray1_v" 171 0.05 0.000142 0.000716
"Aligned_ray1_v" 172 0.045 0.000135 0.000577
"Aligned_ray1_v" 173 0.045 0.000113 0.000608
"Aligned_ray1_v" 174 0.042 0.000112 0.000529
"Aligned_ray1_v" 175 0.041 0.000105 0.000534
"Aligned_ray1_v" 176 0.047 0.000123 0.000631
"Aligned_ray1_v" 177 0.044 0.000125 0.000559
"Aligned_ray1_v" 178 0.046 0.000139 0.000569
"Aligned_ray1_v" 179 0.043 0.000133 0.000565
"Aligned_ray1_v" 180 0.042 0.000117 0.000523
"Aligned_ray1_v" 181 0.042 0.000118 0.000532
"Aligned_ray1_v" 182 0.04 0.000108 0.000515
"Aligned_ray1_v" 183 0.041 0.000119 0.000497
"Aligned_ray1_v" 184 0.043 0.000126 0.00055
"Aligned_ray1_v" 185 0.041 0.000109 0.000535
"Aligned_ray1_v" 186 0.042 0.000107 0.000557
"Aligned_ray1_v" 187 0.042 0.000107 0.000564
"Aligned_ray1_v" 188 0.041 1e-04 0.000535
"Aligned_ray1_v" 189 0.044 0.000117 0.000602
"Aligned_ray1_v" 190 0.043 0.00011 0.000583
"Aligned_ray1_v" 191 0.039 8.72e-05 0.000513
"Aligned_ray1_v" 192 0.04 8.84e-05 0.000514
"Aligned_ray1_v" 193 0.04 8.93e-05 0.000522
"Aligned_ray1_v" 194 0.046 0.00011 0.000621
"Aligned_ray1_v" 195 0.047 0.000124 0.000615
"Aligned_ray1_v" 196 0.049 0.000128 0.000621
"Aligned_ray1_v" 197 0.051 0.000138 0.000541
"Aligned_ray1_v" 198 0.046 0.000115 0.000424
"Aligned_ray1_v" 199 0.048 0.000111 0.000525
"Aligned_ray1_v" 200 0.054 0.000142 0.000683
"Aligned_ray1_v" 201 0.048 0.000115 0.000621
"Aligned_ray1_v" 202 0.048 0.000109 0.000641
"Aligned_ray1_v" 203 0.049 0.000117 0.000654
"Aligned_ray1_v" 204 0.044 0.000101 0.000585
"Aligned_ray1_v" 205 0.039 7.84e-05 0.000571
"Aligned_ray1_v" 206 0.039 7.77e-05 0.000546
"Aligned_ray1_v" 207 0.039 7.86e-05 0.00057
"Aligned_ray1_v" 208 0.04 7.82e-05 0.000611
"Aligned_ray1_v" 209 0.039 7.5e-05 0.000575
"Aligned_ray1_v" 210 0.039 7.43e-05 0.000579
"Aligned_ray1_v" 211 0.039 7.86e-05 0.000593
"Aligned_ray1_v" 212 0.04 7.73e-05 0.000618
"Aligned_ray1_v" 213 0.04 7.41e-05 0.000619
"Aligned_ray1_v" 214 0.04 7.39e-05 0.000608
"Aligned_ray1_v" 215 0.039 7.04e-05 0.000591
"Aligned_ray1_v" 216 0.043 8.23e-05 0.000651
"Aligned_ray1_v" 217 0.043 8.83e-05 0.000651
"Aligned_ray1_v" 218 0.044 9.26e-05 0.000671
"Aligned_ray1_v" 219 0.043 8.37e-05 0.000627
"Aligned_ray1_v" 220 0.041 7.76e-05 6e-04
"Aligned_ray1_v" 221 0.04 7.77e-05 0.000567
"Aligned_ray1_v" 222 0.04 7.23e-05 0.000573
"Aligned_ray1_v" 223 0.039 7.14e-05 0.000563
"Aligned_ray1_v" 224 0.04 7.94e-05 0.000543
"Aligned_ray1_v" 225 0.041 8.35e-05 0.000583
"Aligned_ray1_v" 226 0.04 7.78e-05 0.000568
"Aligned_ray1_v" 227 0.041 8.17e-05 0.00058
"Aligned_ray1_v" 228 0.045 9.96e-05 0.000683
"Aligned_ray1_v" 229 0.044 9.87e-05 0.000675
"Aligned_ray1_v" 230 0.045 0.000112 0.000676
"Aligned_ray1_v" 231 0.047 0.000101 0.000722
"Aligned_ray1_v" 232 0.049 0.000106 0.00077
"Aligned_ray1_v" 233 0.047 9.82e-05 0.000678
"Aligned_ray1_v" 234 0.049 0.000109 0.00062
"Aligned_ray1_v" 235 0.052 0.000121 0.000641
"Aligned_ray1_v" 236 0.058 0.000154 0.000757
"Aligned_ray1_v" 237 0.057 0.000138 0.000756
"Aligned_ray2_d" 13 0.052 0.000181 0.000816
"Aligned_ray2_d" 14 0.051 0.000154 0.000897
"Aligned_ray2_d" 15 0.049 0.000144 0.00088
"Aligned_ray2_d" 16 0.048 0.000139 0.000812
"Aligned_ray2_d" 17 0.049 0.000141 0.000875
"Aligned_ray2_d" 18 0.051 0.000158 0.000901
"Aligned_ray2_d" 19 0.055 0.000175 0.000895
"Aligned_ray2_d" 20 0.061 0.000236 0.000995
"Aligned_ray2_d" 21 0.069 0.000285 0.001
"Aligned_ray2_d" 22 0.069 0.000265 0.001
"Aligned_ray2_d" 23 0.067 0.000259 0.001
"Aligned_ray2_d" 24 0.064 0.000238 0.000938
"Aligned_ray2_d" 25 0.06 0.00021 0.000899
"Aligned_ray2_d" 26 0.058 0.000192 0.000911
"Aligned_ray2_d" 27 0.052 0.000161 0.000846
"Aligned_ray2_d" 28 0.05 0.000151 0.000798
"Aligned_ray2_d" 29 0.054 0.000179 0.000875
"Aligned_ray2_d" 30 0.053 0.000182 0.000825
"Aligned_ray2_d" 31 0.053 0.00019 0.000823
"Aligned_ray2_d" 32 0.051 0.000182 0.000834
"Aligned_ray2_d" 33 0.046 0.000137 0.000729
"Aligned_ray2_d" 34 0.045 0.000126 0.000695
"Aligned_ray2_d" 35 0.044 0.000122 0.000712
"Aligned_ray2_d" 36 0.045 0.000121 0.000703
"Aligned_ray2_d" 37 0.044 0.000121 0.000691
"Aligned_ray2_d" 38 0.045 0.00013 0.000702
"Aligned_ray2_d" 39 0.045 0.000129 0.000702
"Aligned_ray2_d" 40 0.043 0.000117 0.000682
"Aligned_ray2_d" 41 0.045 0.000129 0.000696
"Aligned_ray2_d" 42 0.044 0.000122 0.000663
"Aligned_ray2_d" 43 0.045 0.000128 0.000709
"Aligned_ray2_d" 44 0.046 0.000128 0.000746
"Aligned_ray2_d" 45 0.048 0.000146 0.000806
"Aligned_ray2_d" 46 0.05 0.000162 0.000816
"Aligned_ray2_d" 47 0.047 0.000146 0.000758
"Aligned_ray2_d" 48 0.047 0.000138 0.000746
"Aligned_ray2_d" 49 0.044 0.000126 0.000671
"Aligned_ray2_d" 50 0.045 0.000128 0.000725
"Aligned_ray2_d" 51 0.047 0.000137 0.000738
"Aligned_ray2_d" 52 0.045 0.000131 0.000717
"Aligned_ray2_d" 53 0.045 0.000129 0.000697
"Aligned_ray2_d" 54 0.046 0.000136 0.000741
"Aligned_ray2_d" 55 0.047 0.000146 0.000738
"Aligned_ray2_d" 56 0.045 0.000136 0.000686
"Aligned_ray2_d" 57 0.046 0.000133 0.000723
"Aligned_ray2_d" 58 0.047 0.00015 0.000747
"Aligned_ray2_d" 59 0.049 0.000155 0.000764
"Aligned_ray2_d" 60 0.054 0.000188 0.000847
"Aligned_ray2_d" 61 0.06 0.000231 0.000908
"Aligned_ray2_d" 62 0.061 0.00025 0.000761
"Aligned_ray2_d" 63 0.059 0.00025 0.000589
"Aligned_ray2_d" 64 0.055 0.00022 0.00063
"Aligned_ray2_d" 65 0.058 0.000185 0.000789
"Aligned_ray2_d" 66 0.064 0.000244 0.000862
"Aligned_ray2_d" 67 0.057 2e-04 8e-04
"Aligned_ray2_d" 68 0.053 0.000185 0.000762
"Aligned_ray2_d" 69 0.05 0.000156 0.00078
"Aligned_ray2_d" 70 0.05 0.000161 0.000794
"Aligned_ray2_d" 71 0.052 0.000177 0.000816
"Aligned_ray2_d" 72 0.051 0.000174 0.000791
"Aligned_ray2_d" 73 0.051 0.00018 0.000795
"Aligned_ray2_d" 74 0.047 0.000141 0.000696
"Aligned_ray2_d" 75 0.046 0.000137 0.000662
"Aligned_ray2_d" 76 0.045 0.000127 0.000655
"Aligned_ray2_d" 77 0.045 0.000129 0.000651
"Aligned_ray2_d" 78 0.045 0.000135 0.000667
"Aligned_ray2_d" 79 0.048 0.000138 0.000714
"Aligned_ray2_d" 80 0.049 0.000147 0.000739
"Aligned_ray2_d" 81 0.048 0.000146 0.000731
"Aligned_ray2_d" 82 0.047 0.000153 0.000728
"Aligned_ray2_d" 83 0.047 0.000157 0.000732
"Aligned_ray2_d" 84 0.045 0.000134 0.000679
"Aligned_ray2_d" 85 0.045 0.000133 0.000668
"Aligned_ray2_d" 86 0.046 0.00014 0.000665
"Aligned_ray2_d" 87 0.044 0.000129 0.000625
"Aligned_ray2_d" 88 0.043 0.000124 0.000615
"Aligned_ray2_d" 89 0.044 0.000128 0.000623
"Aligned_ray2_d" 90 0.045 0.000131 0.000626
"Aligned_ray2_d" 91 0.044 0.000119 0.000615
"Aligned_ray2_d" 92 0.043 0.000119 0.000627
"Aligned_ray2_d" 93 0.043 0.000119 0.000618
"Aligned_ray2_d" 94 0.042 0.000114 0.000616
"Aligned_ray2_d" 95 0.042 0.000116 0.000586
"Aligned_ray2_d" 96 0.043 0.000132 0.000589
"Aligned_ray2_d" 97 0.042 0.000128 0.00055
"Aligned_ray2_d" 98 0.046 0.000161 0.000612
"Aligned_ray2_d" 99 0.049 0.000175 0.000638
"Aligned_ray2_d" 100 0.052 0.000184 0.000698
"Aligned_ray2_d" 101 0.054 0.00019 0.00071
"Aligned_ray2_d" 102 0.051 0.000191 0.000497
"Aligned_ray2_d" 103 0.052 0.000209 0.000535
"Aligned_ray2_d" 104 0.054 0.000209 0.000661
"Aligned_ray2_d" 105 0.055 0.000193 0.000695
"Aligned_ray2_d" 106 0.054 0.000188 0.000689
"Aligned_ray2_d" 107 0.053 0.000201 0.000659
"Aligned_ray2_d" 108 0.053 0.000217 0.000694
"Aligned_ray2_d" 109 0.05 0.000197 0.000637
"Aligned_ray2_d" 110 0.047 0.000172 0.00061
"Aligned_ray2_d" 111 0.042 0.000123 0.000555
"Aligned_ray2_d" 112 0.041 0.000113 0.000559
"Aligned_ray2_d" 113 0.041 0.000115 0.000565
"Aligned_ray2_d" 114 0.042 0.000114 0.000573
"Aligned_ray2_d" 115 0.044 0.000131 0.000618
"Aligned_ray2_d" 116 0.044 0.000138 0.000646
"Aligned_ray2_d" 117 0.043 0.000134 0.000599
"Aligned_ray2_d" 118 0.044 0.000132 0.000596
"Aligned_ray2_d" 119 0.043 0.000121 0.000577
"Aligned_ray2_d" 120 0.042 0.000113 0.000566
"Aligned_ray2_d" 121 0.042 0.00012 0.000578
"Aligned_ray2_d" 122 0.044 0.000123 0.000631
"Aligned_ray2_d" 123 0.045 0.000132 0.000631
"Aligned_ray2_d" 124 0.044 0.000136 0.000641
"Aligned_ray2_d" 125 0.046 0.000143 0.000704
"Aligned_ray2_d" 126 0.046 0.000132 0.000686
"Aligned_ray2_d" 127 0.043 0.000125 0.000631
"Aligned_ray2_d" 128 0.042 0.000118 0.000635
"Aligned_ray2_d" 129 0.04 0.000112 0.000564
"Aligned_ray2_d" 130 0.041 0.00012 0.00057
"Aligned_ray2_d" 131 0.043 0.000131 0.000604
"Aligned_ray2_d" 132 0.043 0.000133 0.000639
"Aligned_ray2_d" 133 0.043 0.000128 0.000639
"Aligned_ray2_d" 134 0.043 0.00012 0.000649
"Aligned_ray2_d" 135 0.042 0.000116 0.000632
"Aligned_ray2_d" 136 0.041 0.000112 0.00055
"Aligned_ray2_d" 137 0.041 0.000113 0.000502
"Aligned_ray2_d" 138 0.043 0.000119 0.000557
"Aligned_ray2_d" 139 0.046 0.00014 0.000609
"Aligned_ray2_d" 140 0.047 0.00015 0.000596
"Aligned_ray2_d" 141 0.05 0.000176 0.000508
"Aligned_ray2_d" 142 0.051 0.000187 0.000474
"Aligned_ray2_d" 143 0.049 0.00018 0.000517
"Aligned_ray2_d" 144 0.049 0.000153 0.000576
"Aligned_ray2_d" 145 0.052 0.000162 0.000605
"Aligned_ray2_d" 146 0.053 0.000186 0.000655
"Aligned_ray2_d" 147 0.05 0.000167 0.000618
"Aligned_ray2_d" 148 0.047 0.000155 0.000598
"Aligned_ray2_d" 149 0.045 0.000138 0.00059
"Aligned_ray2_d" 150 0.042 0.000125 0.000538
"Aligned_ray2_d" 151 0.04 0.000118 0.000495
"Aligned_ray2_d" 152 0.039 0.000107 0.000478
"Aligned_ray2_d" 153 0.039 0.000107 0.00048
"Aligned_ray2_d" 154 0.04 0.000104 0.000463
"Aligned_ray2_d" 155 0.038 0.000102 0.000433
"Aligned_ray2_d" 156 0.039 0.000101 0.000449
"Aligned_ray2_d" 157 0.039 0.000112 0.000474
"Aligned_ray2_d" 158 0.039 0.000112 0.000468
"Aligned_ray2_d" 159 0.04 0.000128 0.000491
"Aligned_ray2_d" 160 0.042 0.000133 0.000548
"Aligned_ray2_d" 161 0.043 0.000138 0.000538
"Aligned_ray2_d" 162 0.043 0.000129 0.000577
"Aligned_ray2_d" 163 0.04 0.000113 0.000537
"Aligned_ray2_d" 164 0.039 0.000101 0.000489
"Aligned_ray2_d" 165 0.04 0.000101 0.000498
"Aligned_ray2_d" 166 0.041 0.000109 0.000559
"Aligned_ray2_d" 167 0.041 0.000108 0.000543
"Aligned_ray2_d" 168 0.041 0.000106 0.00053
"Aligned_ray2_d" 169 0.042 0.000132 0.000564
"Aligned_ray2_d" 170 0.039 0.000113 0.000496
"Aligned_ray2_d" 171 0.04 0.000116 0.00049
"Aligned_ray2_d" 172 0.039 0.000115 0.00052
"Aligned_ray2_d" 173 0.04 0.00011 0.000534
"Aligned_ray2_d" 174 0.041 0.000115 0.000566
"Aligned_ray2_d" 175 0.043 0.000119 0.000573
"Aligned_ray2_d" 176 0.045 0.000132 0.000628
"Aligned_ray2_d" 177 0.046 0.000143 0.000682
"Aligned_ray2_d" 178 0.043 0.000121 0.000629
"Aligned_ray2_d" 179 0.041 0.000106 0.000569
"Aligned_ray2_d" 180 0.043 0.000117 0.000612
"Aligned_ray2_d" 181 0.044 0.000122 0.000544
"Aligned_ray2_d" 182 0.046 0.000137 0.000531
"Aligned_ray2_d" 183 0.048 0.000146 0.000523
"Aligned_ray2_d" 184 0.052 0.000187 0.000583
"Aligned_ray2_d" 185 0.051 0.00018 0.000614
"Aligned_ray2_d" 186 0.05 0.000153 0.000564
"Aligned_ray2_d" 187 0.047 0.000139 0.000543
"Aligned_ray2_d" 188 0.046 0.00015 0.000552
"Aligned_ray2_d" 189 0.044 0.000145 0.000545
"Aligned_ray2_d" 190 0.043 0.000141 0.000533
"Aligned_ray2_d" 191 0.043 0.000138 0.000543
"Aligned_ray2_d" 192 0.041 0.00013 5e-04
"Aligned_ray2_d" 193 0.041 0.000127 0.000526
"Aligned_ray2_d" 194 0.041 0.000126 0.000499
"Aligned_ray2_d" 195 0.041 0.000127 0.000491
"Aligned_ray2_d" 196 0.044 0.000151 0.00053
"Aligned_ray2_d" 197 0.04 0.000112 0.000493
"Aligned_ray2_d" 198 0.039 9.39e-05 0.00048
"Aligned_ray2_d" 199 0.039 1e-04 0.000498
"Aligned_ray2_d" 200 0.039 0.000102 0.000499
"Aligned_ray2_d" 201 0.041 0.000115 0.000522
"Aligned_ray2_d" 202 0.043 0.000123 0.000583
"Aligned_ray2_d" 203 0.045 0.000146 0.000606
"Aligned_ray2_d" 204 0.047 0.000175 0.000652
"Aligned_ray2_d" 205 0.047 0.000167 0.000675
"Aligned_ray2_d" 206 0.044 0.00014 0.000627
"Aligned_ray2_d" 207 0.042 0.000121 6e-04
"Aligned_ray2_d" 208 0.043 0.000134 0.000627
"Aligned_ray2_d" 209 0.044 0.000142 0.000659
"Aligned_ray2_d" 210 0.044 0.000139 0.00061
"Aligned_ray2_d" 211 0.044 0.000135 0.000606
"Aligned_ray2_d" 212 0.041 0.000111 0.000559
"Aligned_ray2_d" 213 0.042 0.000119 0.000605
"Aligned_ray2_d" 214 0.042 0.000116 0.00062
"Aligned_ray2_d" 215 0.042 0.000125 0.000619
"Aligned_ray2_d" 216 0.042 0.000131 0.000622
"Aligned_ray2_d" 217 0.044 0.000143 0.000607
"Aligned_ray2_d" 218 0.045 0.000168 0.000613
"Aligned_ray2_d" 219 0.048 0.000203 0.000624
"Aligned_ray2_d" 220 0.049 0.000216 0.00057
"Aligned_ray2_d" 221 0.053 0.000235 0.000595
"Aligned_ray2_d" 222 0.059 0.000254 0.000735
"Aligned_ray2_d" 223 0.057 0.000224 0.000717
"Aligned_ray2_d" 224 0.054 0.000202 0.000719
"Aligned_ray2_d" 225 0.053 0.000192 0.00059
"Aligned_ray2_d" 226 0.055 0.000216 0.000654
"Aligned_ray2_d" 227 0.053 0.000217 0.000709
"Aligned_ray2_d" 228 0.05 0.000208 0.00065
"Aligned_ray2_d" 229 0.049 0.000223 0.000571
"Aligned_ray2_d" 230 0.048 0.000213 0.000578
"Aligned_ray2_d" 231 0.043 0.000151 0.000524
"Aligned_ray2_d" 232 0.04 0.000118 5e-04
"Aligned_ray2_d" 233 0.038 0.000113 0.00048
"Aligned_ray2_d" 234 0.037 0.000111 0.000468
"Aligned_ray2_d" 235 0.039 0.000116 0.000481
"Aligned_ray2_v" 18 0.045 0.000109 0.000753
"Aligned_ray2_v" 19 0.045 0.000113 0.000715
"Aligned_ray2_v" 20 0.047 0.000125 0.000762
"Aligned_ray2_v" 21 0.045 0.000113 0.000734
"Aligned_ray2_v" 22 0.042 0.000101 0.000651
"Aligned_ray2_v" 23 0.043 9.93e-05 0.000651
"Aligned_ray2_v" 24 0.043 0.000101 0.000644
"Aligned_ray2_v" 25 0.041 9e-05 0.000591
"Aligned_ray2_v" 26 0.042 9.1e-05 0.000631
"Aligned_ray2_v" 27 0.042 9.91e-05 0.000675
"Aligned_ray2_v" 28 0.043 0.000107 0.000691
"Aligned_ray2_v" 29 0.042 9.98e-05 0.000657
"Aligned_ray2_v" 30 0.042 0.000104 0.000654
"Aligned_ray2_v" 31 0.041 9.48e-05 0.000651
"Aligned_ray2_v" 32 0.042 9.52e-05 0.000656
"Aligned_ray2_v" 33 0.04 9.81e-05 0.000621
"Aligned_ray2_v" 34 0.041 9.66e-05 0.000623
"Aligned_ray2_v" 35 0.044 0.000109 0.000683
"Aligned_ray2_v" 36 0.044 0.00011 0.000658
"Aligned_ray2_v" 37 0.045 0.000122 0.000675
"Aligned_ray2_v" 38 0.045 0.000117 0.00064
"Aligned_ray2_v" 39 0.046 0.000118 0.000665
"Aligned_ray2_v" 40 0.05 0.000135 0.000724
"Aligned_ray2_v" 41 0.054 0.000172 0.00073
"Aligned_ray2_v" 42 0.06 0.000199 0.000807
"Aligned_ray2_v" 43 0.06 0.000188 0.000789
"Aligned_ray2_v" 44 0.059 0.000179 0.000757
"Aligned_ray2_v" 45 0.058 0.00019 0.000741
"Aligned_ray2_v" 46 0.054 0.000158 0.000716
"Aligned_ray2_v" 47 0.05 0.000146 0.000648
"Aligned_ray2_v" 48 0.048 0.000147 0.00066
"Aligned_ray2_v" 49 0.048 0.000135 0.000694
"Aligned_ray2_v" 50 0.047 0.000126 0.000694
"Aligned_ray2_v" 51 0.046 0.000119 0.000678
"Aligned_ray2_v" 52 0.046 0.000108 0.000683
"Aligned_ray2_v" 53 0.046 0.000112 0.000689
"Aligned_ray2_v" 54 0.047 0.000118 0.000736
"Aligned_ray2_v" 55 0.046 0.00012 0.00072
"Aligned_ray2_v" 56 0.042 0.000102 0.000647
"Aligned_ray2_v" 57 0.045 0.00012 0.000662
"Aligned_ray2_v" 58 0.044 0.000118 0.000659
"Aligned_ray2_v" 59 0.043 0.000106 0.000633
"Aligned_ray2_v" 60 0.045 0.000118 0.000673
"Aligned_ray2_v" 61 0.044 0.000114 0.000626
"Aligned_ray2_v" 62 0.044 0.000112 0.000652
"Aligned_ray2_v" 63 0.046 0.000116 0.000666
"Aligned_ray2_v" 64 0.045 0.000117 0.000645
"Aligned_ray2_v" 65 0.045 0.000122 0.000648
"Aligned_ray2_v" 66 0.047 0.000132 0.000646
"Aligned_ray2_v" 67 0.046 0.000134 0.000656
"Aligned_ray2_v" 68 0.046 0.000126 0.000678
"Aligned_ray2_v" 69 0.043 0.00011 0.000583
"Aligned_ray2_v" 70 0.044 0.000116 0.000604
"Aligned_ray2_v" 71 0.042 0.000108 0.000578
"Aligned_ray2_v" 72 0.041 0.000104 0.000573
"Aligned_ray2_v" 73 0.043 0.00011 0.000596
"Aligned_ray2_v" 74 0.044 0.000119 0.000643
"Aligned_ray2_v" 75 0.043 0.000112 0.000616
"Aligned_ray2_v" 76 0.045 0.000131 0.000623
"Aligned_ray2_v" 77 0.044 0.000117 0.000625
"Aligned_ray2_v" 78 0.043 0.000113 0.000613
"Aligned_ray2_v" 79 0.045 0.000122 0.000625
"Aligned_ray2_v" 80 0.045 0.000128 0.000631
"Aligned_ray2_v" 81 0.048 0.000143 0.000665
"Aligned_ray2_v" 82 0.053 0.000165 0.00074
"Aligned_ray2_v" 83 0.057 0.000179 0.000763
"Aligned_ray2_v" 84 0.055 0.000162 0.000682
"Aligned_ray2_v" 85 0.05 0.000136 0.000584
"Aligned_ray2_v" 86 0.052 0.000162 0.000525
"Aligned_ray2_v" 87 0.058 0.000187 0.000676
"Aligned_ray2_v" 88 0.058 0.000184 0.000725
"Aligned_ray2_v" 89 0.054 0.000161 0.000723
"Aligned_ray2_v" 90 0.051 0.000146 0.000673
"Aligned_ray2_v" 91 0.048 0.000133 0.000641
"Aligned_ray2_v" 92 0.047 0.000128 0.000623
"Aligned_ray2_v" 93 0.048 0.000123 0.000676
"Aligned_ray2_v" 94 0.05 0.000136 0.000725
"Aligned_ray2_v" 95 0.049 0.000141 0.00071
"Aligned_ray2_v" 96 0.05 0.000142 0.000723
"Aligned_ray2_v" 97 0.045 0.000117 0.000647
"Aligned_ray2_v" 98 0.043 0.000107 0.000624
"Aligned_ray2_v" 99 0.044 0.000107 0.000636
"Aligned_ray2_v" 100 0.043 0.000102 0.000624
"Aligned_ray2_v" 101 0.043 0.000104 0.000616
"Aligned_ray2_v" 102 0.045 0.000108 0.000604
"Aligned_ray2_v" 103 0.046 0.000126 0.000665
"Aligned_ray2_v" 104 0.046 0.000122 0.000668
"Aligned_ray2_v" 105 0.047 0.000121 0.000696
"Aligned_ray2_v" 106 0.042 0.000102 0.000552
"Aligned_ray2_v" 107 0.041 9.83e-05 0.000568
"Aligned_ray2_v" 108 0.042 0.000103 0.000569
"Aligned_ray2_v" 109 0.041 9.71e-05 0.000583
"Aligned_ray2_v" 110 0.043 0.000109 0.000581
"Aligned_ray2_v" 111 0.044 0.000117 0.000596
"Aligned_ray2_v" 112 0.042 0.000112 0.000568
"Aligned_ray2_v" 113 0.042 1e-04 0.000553
"Aligned_ray2_v" 114 0.04 9.28e-05 0.000522
"Aligned_ray2_v" 115 0.042 0.000113 0.000576
"Aligned_ray2_v" 116 0.042 0.000111 0.000561
"Aligned_ray2_v" 117 0.041 0.000104 0.000553
"Aligned_ray2_v" 118 0.041 0.000107 0.000551
"Aligned_ray2_v" 119 0.044 0.000114 0.000603
"Aligned_ray2_v" 120 0.043 0.000115 0.000575
"Aligned_ray2_v" 121 0.043 0.00012 0.000565
"Aligned_ray2_v" 122 0.044 0.000133 0.000585
"Aligned_ray2_v" 123 0.044 0.000129 0.000579
"Aligned_ray2_v" 124 0.044 0.000124 0.000584
"Aligned_ray2_v" 125 0.045 0.000132 0.00062
"Aligned_ray2_v" 126 0.045 0.000123 0.000612
"Aligned_ray2_v" 127 0.046 0.000128 0.000591
"Aligned_ray2_v" 128 0.049 0.000141 0.000634
"Aligned_ray2_v" 129 0.051 0.000161 0.000613
"Aligned_ray2_v" 130 0.058 0.000199 0.000681
"Aligned_ray2_v" 131 0.057 2e-04 0.00059
"Aligned_ray2_v" 132 0.052 0.000173 0.000539
"Aligned_ray2_v" 133 0.052 0.000151 0.000606
"Aligned_ray2_v" 134 0.054 0.000157 0.000628
"Aligned_ray2_v" 135 0.055 0.000174 0.000645
"Aligned_ray2_v" 136 0.052 0.000158 0.000654
"Aligned_ray2_v" 137 0.051 0.000173 0.000658
"Aligned_ray2_v" 138 0.049 0.000156 0.000671
"Aligned_ray2_v" 139 0.047 0.000142 0.000619
"Aligned_ray2_v" 140 0.042 0.000117 0.000526
"Aligned_ray2_v" 141 0.042 0.000117 0.000491
"Aligned_ray2_v" 142 0.043 0.000127 0.000515
"Aligned_ray2_v" 143 0.044 0.000149 0.000549
"Aligned_ray2_v" 144 0.045 0.000148 0.000602
"Aligned_ray2_v" 145 0.044 0.000134 0.000554
"Aligned_ray2_v" 146 0.043 0.000122 0.000546
"Aligned_ray2_v" 147 0.042 0.000117 0.000521
"Aligned_ray2_v" 148 0.041 0.00012 0.00048
"Aligned_ray2_v" 149 0.04 0.000114 0.000459
"Aligned_ray2_v" 150 0.041 0.000118 0.000482
"Aligned_ray2_v" 151 0.039 0.000103 0.000441
"Aligned_ray2_v" 152 0.042 0.000119 0.000503
"Aligned_ray2_v" 153 0.043 0.000127 0.000513
"Aligned_ray2_v" 154 0.043 0.000128 0.000532
"Aligned_ray2_v" 155 0.042 0.000115 0.00048
"Aligned_ray2_v" 156 0.04 0.00011 0.000473
"Aligned_ray2_v" 157 0.041 0.000113 0.000461
"Aligned_ray2_v" 158 0.039 0.000108 0.000434
"Aligned_ray2_v" 159 0.038 0.000109 0.000424
"Aligned_ray2_v" 160 0.038 0.000115 0.000434
"Aligned_ray2_v" 161 0.039 0.000104 0.000462
"Aligned_ray2_v" 162 0.039 0.000117 0.000485
"Aligned_ray2_v" 163 0.04 0.000123 0.000466
"Aligned_ray2_v" 164 0.042 0.000126 0.000493
"Aligned_ray2_v" 165 0.038 9.57e-05 0.000454
"Aligned_ray2_v" 166 0.037 8.5e-05 0.000426
"Aligned_ray2_v" 167 0.036 7.87e-05 0.000395
"Aligned_ray2_v" 168 0.036 7.92e-05 0.000409
"Aligned_ray2_v" 169 0.039 9.11e-05 0.000452
"Aligned_ray2_v" 170 0.038 8.84e-05 0.000447
"Aligned_ray2_v" 171 0.04 0.000105 0.000477
"Aligned_ray2_v" 172 0.044 0.000113 0.000527
"Aligned_ray2_v" 173 0.044 0.000124 0.000551
"Aligned_ray2_v" 174 0.045 0.000131 0.00055
"Aligned_ray2_v" 175 0.045 0.000126 0.000501
"Aligned_ray2_v" 176 0.045 0.000121 0.000426
"Aligned_ray2_v" 177 0.048 0.000135 0.000465
"Aligned_ray2_v" 178 0.051 0.000144 0.000544
"Aligned_ray2_v" 179 0.05 0.000137 0.000542
"Aligned_ray2_v" 180 0.049 0.000124 0.00051
"Aligned_ray2_v" 181 0.05 0.000126 0.000548
"Aligned_ray2_v" 182 0.047 0.000124 0.000558
"Aligned_ray2_v" 183 0.044 0.000108 0.000526
"Aligned_ray2_v" 184 0.041 0.000101 0.000497
"Aligned_ray2_v" 185 0.042 9.78e-05 0.00054
"Aligned_ray2_v" 186 0.041 8.83e-05 0.000505
"Aligned_ray2_v" 187 0.039 7.8e-05 0.000491
"Aligned_ray2_v" 188 0.037 7.27e-05 0.000478
"Aligned_ray2_v" 189 0.036 7.14e-05 0.000472
"Aligned_ray2_v" 190 0.035 6.65e-05 0.000448
"Aligned_ray2_v" 191 0.036 7.58e-05 0.000458
"Aligned_ray2_v" 192 0.036 7.81e-05 0.000459
"Aligned_ray2_v" 193 0.037 8.37e-05 0.000491
"Aligned_ray2_v" 194 0.036 7.86e-05 0.000471
"Aligned_ray2_v" 195 0.038 8.9e-05 0.000486
"Aligned_ray2_v" 196 0.039 9.04e-05 0.000495
"Aligned_ray2_v" 197 0.038 8.9e-05 0.000505
"Aligned_ray2_v" 198 0.037 7.81e-05 0.000466
"Aligned_ray2_v" 199 0.037 6.9e-05 0.000467
"Aligned_ray2_v" 200 0.035 6.91e-05 0.000427
"Aligned_ray2_v" 201 0.037 7.26e-05 0.000468
"Aligned_ray2_v" 202 0.037 6.87e-05 0.000474
"Aligned_ray2_v" 203 0.036 6.26e-05 0.000475
"Aligned_ray2_v" 204 0.038 6.86e-05 0.000504
"Aligned_ray2_v" 205 0.036 6.5e-05 0.000485
"Aligned_ray2_v" 206 0.036 6.39e-05 0.000484
"Aligned_ray2_v" 207 0.039 7.69e-05 0.00053
"Aligned_ray2_v" 208 0.039 8.15e-05 0.000517
"Aligned_ray2_v" 209 0.04 8.18e-05 0.000556
"Aligned_ray2_v" 210 0.038 6.87e-05 0.000524
"Aligned_ray2_v" 211 0.038 6.67e-05 0.00052
"Aligned_ray2_v" 212 0.04 7.15e-05 0.000565
"Aligned_ray2_v" 213 0.039 6.26e-05 0.000536
"Aligned_ray2_v" 214 0.04 6.86e-05 0.000558
"Aligned_ray2_v" 215 0.042 8.41e-05 0.000588
"Aligned_ray2_v" 216 0.046 0.000101 0.000617
"Aligned_ray2_v" 217 0.047 0.000115 0.000603
"Aligned_ray2_v" 218 0.051 0.00011 0.00066
"Aligned_ray2_v" 219 0.049 9.85e-05 0.000614
"Aligned_ray2_v" 220 0.048 8.99e-05 0.000632
"Aligned_ray2_v" 221 0.05 9.56e-05 0.00068
"Aligned_ray2_v" 222 0.049 9.56e-05 0.000659
"Aligned_ray2_v" 223 0.048 9.03e-05 0.000665
"Aligned_ray2_v" 224 0.045 8.04e-05 0.000614
"Aligned_ray2_v" 225 0.041 7.42e-05 0.00055
"Aligned_ray2_v" 226 0.041 7.55e-05 0.000579
"Aligned_ray2_v" 227 0.039 7.32e-05 0.000525
"Aligned_ray2_v" 228 0.04 7.65e-05 0.000543
"Aligned_ray2_v" 229 0.041 8.62e-05 0.000577
"Aligned_ray2_v" 230 0.041 8.44e-05 0.000585
"Aligned_ray2_v" 231 0.038 6.79e-05 0.000521
"Aligned_ray2_v" 232 0.038 6.7e-05 0.000517
"Aligned_ray2_v" 233 0.036 5.7e-05 0.000488
"Aligned_ray2_v" 234 0.037 6.21e-05 0.000499
"Aligned_ray2_v" 235 0.036 5.84e-05 0.000489
"Aligned_ray2_v" 236 0.035 5.56e-05 0.00046
"Aligned_ray3_d" 17 0.05 0.000149 0.00077
"Aligned_ray3_d" 18 0.051 0.000148 0.000831
"Aligned_ray3_d" 19 0.051 0.000138 0.00092
"Aligned_ray3_d" 20 0.052 0.000145 0.000978
"Aligned_ray3_d" 21 0.049 0.000132 0.000864
"Aligned_ray3_d" 22 0.048 0.000128 0.000759
"Aligned_ray3_d" 23 0.044 0.000107 0.000669
"Aligned_ray3_d" 24 0.043 0.000102 0.000657
"Aligned_ray3_d" 25 0.042 0.000102 0.000646
"Aligned_ray3_d" 26 0.042 9.73e-05 0.000625
"Aligned_ray3_d" 27 0.041 9.57e-05 0.000634
"Aligned_ray3_d" 28 0.042 9.86e-05 0.000656
"Aligned_ray3_d" 29 0.041 9.28e-05 0.000668
"Aligned_ray3_d" 30 0.042 9.04e-05 0.000716
"Aligned_ray3_d" 31 0.045 0.000122 0.000725
"Aligned_ray3_d" 32 0.045 0.00012 0.00073
"Aligned_ray3_d" 33 0.047 0.000121 0.000725
"Aligned_ray3_d" 34 0.048 0.000147 0.00079
"Aligned_ray3_d" 35 0.048 0.000137 0.000827
"Aligned_ray3_d" 36 0.047 0.000129 0.000813
"Aligned_ray3_d" 37 0.043 0.000104 0.000716
"Aligned_ray3_d" 38 0.043 0.000101 0.000697
"Aligned_ray3_d" 39 0.043 1e-04 0.000651
"Aligned_ray3_d" 40 0.044 0.000114 0.000685
"Aligned_ray3_d" 41 0.047 0.000133 0.00073
"Aligned_ray3_d" 42 0.048 0.000144 0.000792
"Aligned_ray3_d" 43 0.05 0.000146 0.000861
"Aligned_ray3_d" 44 0.05 0.00015 0.000875
"Aligned_ray3_d" 45 0.05 0.000142 0.000879
"Aligned_ray3_d" 46 0.046 0.000122 0.000725
"Aligned_ray3_d" 47 0.044 0.000114 0.000658
"Aligned_ray3_d" 48 0.043 0.000118 0.000624
"Aligned_ray3_d" 49 0.043 0.000117 0.000622
"Aligned_ray3_d" 50 0.044 0.000118 0.000591
"Aligned_ray3_d" 51 0.043 0.000126 6e-04
"Aligned_ray3_d" 52 0.043 0.000126 0.000599
"Aligned_ray3_d" 53 0.043 0.000121 0.000618
"Aligned_ray3_d" 54 0.045 0.000132 0.000647
"Aligned_ray3_d" 55 0.045 0.000144 0.000648
"Aligned_ray3_d" 56 0.046 0.000145 0.000652
"Aligned_ray3_d" 57 0.049 0.00016 0.000749
"Aligned_ray3_d" 58 0.051 0.000185 0.000752
"Aligned_ray3_d" 59 0.052 0.000187 0.000691
"Aligned_ray3_d" 60 0.054 0.000205 0.000634
"Aligned_ray3_d" 61 0.053 0.000221 0.000525
"Aligned_ray3_d" 62 0.057 0.000239 0.000623
"Aligned_ray3_d" 63 0.051 0.000182 0.000615
"Aligned_ray3_d" 64 0.055 0.000186 0.000673
"Aligned_ray3_d" 65 0.057 0.000227 0.000722
"Aligned_ray3_d" 66 0.054 0.000207 0.000706
"Aligned_ray3_d" 67 0.052 0.000195 0.00074
"Aligned_ray3_d" 68 0.053 0.000201 0.000776
"Aligned_ray3_d" 69 0.049 0.00017 0.000698
"Aligned_ray3_d" 70 0.043 0.000137 0.000512
"Aligned_ray3_d" 71 0.042 0.00013 0.000562
"Aligned_ray3_d" 72 0.041 0.000137 0.000545
"Aligned_ray3_d" 73 0.042 0.000144 0.000572
"Aligned_ray3_d" 74 0.042 0.000135 0.000551
"Aligned_ray3_d" 75 0.042 0.000136 0.000513
"Aligned_ray3_d" 76 0.043 0.000136 0.000574
"Aligned_ray3_d" 77 0.044 0.000146 0.000619
"Aligned_ray3_d" 78 0.05 0.000179 0.000703
"Aligned_ray3_d" 79 0.05 0.000169 0.000684
"Aligned_ray3_d" 80 0.044 0.000145 0.000568
"Aligned_ray3_d" 81 0.042 0.000126 0.000554
"Aligned_ray3_d" 82 0.042 0.000119 0.000545
"Aligned_ray3_d" 83 0.041 0.000121 0.000505
"Aligned_ray3_d" 84 0.043 0.000131 0.000535
"Aligned_ray3_d" 85 0.041 0.000118 0.000486
"Aligned_ray3_d" 86 0.042 0.000125 0.000508
"Aligned_ray3_d" 87 0.042 0.000138 0.000515
"Aligned_ray3_d" 88 0.044 0.000139 0.000535
"Aligned_ray3_d" 89 0.044 0.000138 0.000534
"Aligned_ray3_d" 90 0.043 0.000129 0.000482
"Aligned_ray3_d" 91 0.043 0.000136 0.00055
"Aligned_ray3_d" 92 0.045 0.000146 0.000633
"Aligned_ray3_d" 93 0.046 0.000167 0.000653
"Aligned_ray3_d" 94 0.049 0.000184 0.000682
"Aligned_ray3_d" 95 0.045 0.000165 0.000551
"Aligned_ray3_d" 96 0.045 0.000152 0.000537
"Aligned_ray3_d" 97 0.045 0.000149 0.000535
"Aligned_ray3_d" 98 0.048 0.000168 0.000565
"Aligned_ray3_d" 99 0.053 0.000194 0.000682
"Aligned_ray3_d" 100 0.057 0.000225 0.000731
"Aligned_ray3_d" 101 0.052 0.00019 0.000586
"Aligned_ray3_d" 102 0.045 0.000147 0.000463
"Aligned_ray3_d" 103 0.05 0.000147 0.00058
"Aligned_ray3_d" 104 0.056 0.000196 0.000681
"Aligned_ray3_d" 105 0.054 0.000201 0.00069
"Aligned_ray3_d" 106 0.052 0.000174 0.000676
"Aligned_ray3_d" 107 0.047 0.000142 0.000605
"Aligned_ray3_d" 108 0.047 0.000147 0.000648
"Aligned_ray3_d" 109 0.045 0.000128 0.000645
"Aligned_ray3_d" 110 0.043 0.000118 0.000598
"Aligned_ray3_d" 111 0.043 0.000119 0.000583
"Aligned_ray3_d" 112 0.044 0.000126 0.00061
"Aligned_ray3_d" 113 0.043 0.000116 0.000616
"Aligned_ray3_d" 114 0.044 0.000127 0.000625
"Aligned_ray3_d" 115 0.042 0.000126 0.000568
"Aligned_ray3_d" 116 0.042 0.000121 0.00053
"Aligned_ray3_d" 117 0.041 0.00011 0.000532
"Aligned_ray3_d" 118 0.043 0.000119 0.000555
"Aligned_ray3_d" 119 0.046 0.00014 0.000645
"Aligned_ray3_d" 120 0.045 0.000144 0.000606
"Aligned_ray3_d" 121 0.045 0.000145 0.000653
"Aligned_ray3_d" 122 0.041 0.000113 0.000584
"Aligned_ray3_d" 123 0.04 0.000109 0.000564
"Aligned_ray3_d" 124 0.04 0.00011 0.00053
"Aligned_ray3_d" 125 0.041 0.000119 0.000562
"Aligned_ray3_d" 126 0.041 0.000114 0.000554
"Aligned_ray3_d" 127 0.041 0.00011 0.000531
"Aligned_ray3_d" 128 0.041 0.000114 0.000503
"Aligned_ray3_d" 129 0.042 0.000126 0.000535
"Aligned_ray3_d" 130 0.044 0.000129 0.000584
"Aligned_ray3_d" 131 0.045 0.000137 0.000588
"Aligned_ray3_d" 132 0.043 0.000125 0.000547
"Aligned_ray3_d" 133 0.042 0.000117 0.000543
"Aligned_ray3_d" 134 0.041 0.00012 0.000542
"Aligned_ray3_d" 135 0.04 0.000119 0.000512
"Aligned_ray3_d" 136 0.039 0.000117 0.000452
"Aligned_ray3_d" 137 0.04 0.000119 0.000468
"Aligned_ray3_d" 138 0.041 0.000122 0.000473
"Aligned_ray3_d" 139 0.042 0.000132 0.000493
"Aligned_ray3_d" 140 0.046 0.000154 0.000534
"Aligned_ray3_d" 141 0.047 0.000176 0.000531
"Aligned_ray3_d" 142 0.047 0.000182 0.000492
"Aligned_ray3_d" 143 0.049 0.000176 0.000531
"Aligned_ray3_d" 144 0.045 0.000155 0.000435
"Aligned_ray3_d" 145 0.042 0.000144 0.000341
"Aligned_ray3_d" 146 0.044 0.000143 0.000417
"Aligned_ray3_d" 147 0.043 0.00014 0.000429
"Aligned_ray3_d" 148 0.043 0.000152 0.000433
"Aligned_ray3_d" 149 0.04 0.000133 0.000403
"Aligned_ray3_d" 150 0.039 0.000117 0.000396
"Aligned_ray3_d" 151 0.039 0.000124 0.00044
"Aligned_ray3_d" 152 0.039 0.000121 0.000442
"Aligned_ray3_d" 153 0.038 0.000107 0.000447
"Aligned_ray3_d" 154 0.036 0.000104 0.00043
"Aligned_ray3_d" 155 0.036 9.88e-05 0.000449
"Aligned_ray3_d" 156 0.036 0.000111 0.000413
"Aligned_ray3_d" 157 0.037 0.000113 0.000407
"Aligned_ray3_d" 158 0.037 0.000115 0.000396
"Aligned_ray3_d" 159 0.037 0.000109 0.000399
"Aligned_ray3_d" 160 0.037 0.000107 0.000399
"Aligned_ray3_d" 161 0.038 0.000112 0.00045
"Aligned_ray3_d" 162 0.037 9.96e-05 0.000428
"Aligned_ray3_d" 163 0.039 0.000112 0.000497
"Aligned_ray3_d" 164 0.04 0.000116 0.000509
"Aligned_ray3_d" 165 0.042 0.000128 0.00055
"Aligned_ray3_d" 166 0.041 0.000121 0.000551
"Aligned_ray3_d" 167 0.038 0.000101 0.000493
"Aligned_ray3_d" 168 0.039 0.000101 0.000508
"Aligned_ray3_d" 169 0.038 8.59e-05 0.000527
"Aligned_ray3_d" 170 0.039 8.22e-05 0.000516
"Aligned_ray3_d" 171 0.04 8.96e-05 0.00054
"Aligned_ray3_d" 172 0.04 9.93e-05 0.000537
"Aligned_ray3_d" 173 0.039 9.64e-05 0.000497
"Aligned_ray3_d" 174 0.038 8.76e-05 0.000492
"Aligned_ray3_d" 175 0.039 8.83e-05 0.000535
"Aligned_ray3_d" 176 0.038 8.6e-05 0.000526
"Aligned_ray3_d" 177 0.038 9.16e-05 0.000532
"Aligned_ray3_d" 178 0.04 9.97e-05 0.000533
"Aligned_ray3_d" 179 0.04 0.000105 0.000491
"Aligned_ray3_d" 180 0.041 0.000114 0.000458
"Aligned_ray3_d" 181 0.043 0.00012 0.000457
"Aligned_ray3_d" 182 0.046 0.000147 0.000447
"Aligned_ray3_d" 183 0.045 0.000144 0.000436
"Aligned_ray3_d" 184 0.04 0.000107 0.000374
"Aligned_ray3_d" 185 0.041 0.000112 0.000395
"Aligned_ray3_d" 186 0.042 0.000126 0.000419
"Aligned_ray3_d" 187 0.042 0.000123 0.000439
"Aligned_ray3_d" 188 0.039 0.000112 0.000406
"Aligned_ray3_d" 189 0.038 0.000104 0.000413
"Aligned_ray3_d" 190 0.035 9.46e-05 0.000378
"Aligned_ray3_d" 191 0.037 0.00011 0.000413
"Aligned_ray3_d" 192 0.038 0.000116 0.000412
"Aligned_ray3_d" 193 0.038 0.000116 4e-04
"Aligned_ray3_d" 194 0.035 9.56e-05 0.000386
"Aligned_ray3_d" 195 0.036 9.78e-05 0.000434
"Aligned_ray3_d" 196 0.035 9.22e-05 0.000405
"Aligned_ray3_d" 197 0.034 8.33e-05 0.000406
"Aligned_ray3_d" 198 0.034 8.59e-05 0.000381
"Aligned_ray3_d" 199 0.036 9.48e-05 0.000413
"Aligned_ray3_d" 200 0.035 9.81e-05 0.000385
"Aligned_ray3_d" 201 0.037 0.000115 0.000436
"Aligned_ray3_d" 202 0.038 0.000125 0.000446
"Aligned_ray3_d" 203 0.039 0.000124 0.000453
"Aligned_ray3_d" 204 0.038 0.000115 0.000454
"Aligned_ray3_d" 205 0.036 9.1e-05 0.000433
"Aligned_ray3_d" 206 0.036 9.53e-05 0.000445
"Aligned_ray3_d" 207 0.036 1e-04 0.000438
"Aligned_ray3_d" 208 0.036 0.000105 0.000477
"Aligned_ray3_d" 209 0.039 0.000113 0.00051
"Aligned_ray3_d" 210 0.037 0.000106 0.000459
"Aligned_ray3_d" 211 0.038 0.00011 0.00046
"Aligned_ray3_d" 212 0.04 0.000129 0.000456
"Aligned_ray3_d" 213 0.043 0.000153 0.000505
"Aligned_ray3_d" 214 0.041 0.000137 0.000497
"Aligned_ray3_d" 215 0.039 0.000112 0.000465
"Aligned_ray3_d" 216 0.04 0.000108 0.000486
"Aligned_ray3_d" 217 0.04 0.000116 0.000469
"Aligned_ray3_d" 218 0.042 0.000142 0.000469
"Aligned_ray3_d" 219 0.047 0.000194 0.000501
"Aligned_ray3_d" 220 0.054 0.000247 0.000594
"Aligned_ray3_d" 221 0.053 0.000217 0.000592
"Aligned_ray3_d" 222 0.048 0.000159 0.00049
"Aligned_ray3_d" 223 0.05 0.000181 0.000549
"Aligned_ray3_d" 224 0.049 0.000184 0.000539
"Aligned_ray3_d" 225 0.046 0.000183 0.000478
"Aligned_ray3_d" 226 0.041 0.000138 0.000433
"Aligned_ray3_d" 227 0.039 0.000134 0.000418
"Aligned_ray3_d" 228 0.039 0.000138 0.000393
"Aligned_ray3_d" 229 0.039 0.000151 0.000398
"Aligned_ray3_d" 230 0.039 0.000137 0.000403
"Aligned_ray3_d" 231 0.04 0.000147 0.000415
"Aligned_ray3_d" 232 0.036 9.96e-05 0.000389
"Aligned_ray3_d" 233 0.036 9.31e-05 0.000412
"Aligned_ray3_d" 234 0.036 8.83e-05 0.00041
"Aligned_ray3_d" 235 0.036 0.000103 0.000402
"Aligned_ray3_d" 236 0.038 0.000111 0.00042
"Aligned_ray3_d" 237 0.04 0.000143 0.000438
"Aligned_ray3_d" 238 0.041 0.000141 0.00049
"Aligned_ray3_d" 239 0.04 0.000134 0.000469
"Aligned_ray3_d" 240 0.037 0.000102 0.00045
"Aligned_ray3_d" 241 0.036 9.34e-05 0.000434
"Aligned_ray3_v" 17 0.041 8.73e-05 0.000615
"Aligned_ray3_v" 18 0.042 8.94e-05 0.000633
"Aligned_ray3_v" 19 0.042 8.78e-05 0.00063
"Aligned_ray3_v" 20 0.04 7.93e-05 0.000567
"Aligned_ray3_v" 21 0.04 8.14e-05 0.000547
"Aligned_ray3_v" 22 0.04 8.28e-05 0.000545
"Aligned_ray3_v" 23 0.041 9.02e-05 0.000605
"Aligned_ray3_v" 24 0.04 9.77e-05 0.000578
"Aligned_ray3_v" 25 0.04 9.46e-05 0.000585
"Aligned_ray3_v" 26 0.039 9.26e-05 0.000568
"Aligned_ray3_v" 27 0.041 0.000102 0.00059
"Aligned_ray3_v" 28 0.041 9.72e-05 0.000584
"Aligned_ray3_v" 29 0.042 0.000111 0.000627
"Aligned_ray3_v" 30 0.044 0.000112 0.000667
"Aligned_ray3_v" 31 0.044 0.000106 0.000681
"Aligned_ray3_v" 32 0.044 0.000107 0.000658
"Aligned_ray3_v" 33 0.042 9.19e-05 0.000608
"Aligned_ray3_v" 34 0.043 0.000106 0.000607
"Aligned_ray3_v" 35 0.048 0.000124 0.000681
"Aligned_ray3_v" 36 0.052 0.000155 0.000708
"Aligned_ray3_v" 37 0.054 0.000162 0.000715
"Aligned_ray3_v" 38 0.051 0.000156 0.000598
"Aligned_ray3_v" 39 0.048 0.000134 0.000505
"Aligned_ray3_v" 40 0.052 0.000169 0.000544
"Aligned_ray3_v" 41 0.053 0.000182 0.000649
"Aligned_ray3_v" 42 0.048 0.000157 0.000659
"Aligned_ray3_v" 43 0.045 0.000135 0.000601
"Aligned_ray3_v" 44 0.044 0.000127 0.000618
"Aligned_ray3_v" 45 0.045 0.000128 0.000654
"Aligned_ray3_v" 46 0.044 0.00012 0.00063
"Aligned_ray3_v" 47 0.043 0.000111 0.000622
"Aligned_ray3_v" 48 0.04 8.94e-05 0.000566
"Aligned_ray3_v" 49 0.039 8.28e-05 0.000535
"Aligned_ray3_v" 50 0.041 9.28e-05 0.000562
"Aligned_ray3_v" 51 0.04 0.000101 0.000557
"Aligned_ray3_v" 52 0.041 9.86e-05 0.000566
"Aligned_ray3_v" 53 0.043 0.000104 0.000639
"Aligned_ray3_v" 54 0.041 0.000104 0.000574
"Aligned_ray3_v" 55 0.039 9.65e-05 0.000507
"Aligned_ray3_v" 56 0.038 9.22e-05 0.000487
"Aligned_ray3_v" 57 0.038 9.78e-05 0.000478
"Aligned_ray3_v" 58 0.038 9.81e-05 0.000455
"Aligned_ray3_v" 59 0.039 0.000103 0.000462
"Aligned_ray3_v" 60 0.038 9.83e-05 0.000485
"Aligned_ray3_v" 61 0.039 0.000107 0.000442
"Aligned_ray3_v" 62 0.038 9.9e-05 0.000422
"Aligned_ray3_v" 63 0.039 9.91e-05 0.000461
"Aligned_ray3_v" 64 0.038 8.35e-05 0.000432
"Aligned_ray3_v" 65 0.038 8.65e-05 0.000452
"Aligned_ray3_v" 66 0.038 8.85e-05 0.00043
"Aligned_ray3_v" 67 0.038 9.23e-05 0.000442
"Aligned_ray3_v" 68 0.039 9.01e-05 0.00046
"Aligned_ray3_v" 69 0.04 1e-04 0.00049
"Aligned_ray3_v" 70 0.041 0.000105 0.000518
"Aligned_ray3_v" 71 0.041 0.000109 0.000534
"Aligned_ray3_v" 72 0.041 0.000106 0.000561
"Aligned_ray3_v" 73 0.038 9.54e-05 0.000464
"Aligned_ray3_v" 74 0.038 9.02e-05 0.000465
"Aligned_ray3_v" 75 0.04 0.000101 0.000489
"Aligned_ray3_v" 76 0.041 0.000115 0.000501
"Aligned_ray3_v" 77 0.043 0.000126 0.000503
"Aligned_ray3_v" 78 0.047 0.000133 0.000509
"Aligned_ray3_v" 79 0.05 0.000123 0.00054
"Aligned_ray3_v" 80 0.046 0.000105 0.000458
"Aligned_ray3_v" 81 0.047 0.000114 0.000415
"Aligned_ray3_v" 82 0.05 0.000138 0.000503
"Aligned_ray3_v" 83 0.048 0.00013 0.00054
"Aligned_ray3_v" 84 0.045 0.00012 0.000538
"Aligned_ray3_v" 85 0.043 0.000114 0.000532
"Aligned_ray3_v" 86 0.041 9.84e-05 0.000527
"Aligned_ray3_v" 87 0.04 9.52e-05 0.000496
"Aligned_ray3_v" 88 0.04 9.44e-05 0.000511
"Aligned_ray3_v" 89 0.041 0.000102 0.000539
"Aligned_ray3_v" 90 0.041 1e-04 0.000545
"Aligned_ray3_v" 91 0.041 0.000105 0.000566
"Aligned_ray3_v" 92 0.039 8.98e-05 0.00054
"Aligned_ray3_v" 93 0.039 8.91e-05 0.000563
"Aligned_ray3_v" 94 0.04 9.48e-05 0.000571
"Aligned_ray3_v" 95 0.04 8.92e-05 0.000578
"Aligned_ray3_v" 96 0.041 8.91e-05 0.000599
"Aligned_ray3_v" 97 0.041 9.41e-05 0.00058
"Aligned_ray3_v" 98 0.043 0.000111 0.00061
"Aligned_ray3_v" 99 0.044 0.000115 0.000658
"Aligned_ray3_v" 100 0.042 0.000103 0.000602
"Aligned_ray3_v" 101 0.041 0.000107 0.000559
"Aligned_ray3_v" 102 0.04 1e-04 0.000544
"Aligned_ray3_v" 103 0.041 0.000102 0.000564
"Aligned_ray3_v" 104 0.042 0.000101 0.000589
"Aligned_ray3_v" 105 0.042 0.000104 0.000574
"Aligned_ray3_v" 106 0.039 9.5e-05 0.000524
"Aligned_ray3_v" 107 0.04 9.53e-05 0.000522
"Aligned_ray3_v" 108 0.041 0.000105 0.000537
"Aligned_ray3_v" 109 0.042 0.000115 0.000594
"Aligned_ray3_v" 110 0.042 0.00011 0.000563
"Aligned_ray3_v" 111 0.039 8.56e-05 0.000512
"Aligned_ray3_v" 112 0.04 8.88e-05 0.000552
"Aligned_ray3_v" 113 0.039 8.3e-05 0.000483
"Aligned_ray3_v" 114 0.041 8.73e-05 0.00054
"Aligned_ray3_v" 115 0.04 8.75e-05 0.000523
"Aligned_ray3_v" 116 0.041 9.15e-05 0.000533
"Aligned_ray3_v" 117 0.044 0.000109 0.000574
"Aligned_ray3_v" 118 0.048 0.000133 0.000592
"Aligned_ray3_v" 119 0.052 0.000167 0.000629
"Aligned_ray3_v" 120 0.053 0.000161 0.000596
"Aligned_ray3_v" 121 0.052 0.000165 0.00055
"Aligned_ray3_v" 122 0.044 0.000114 0.000393
"Aligned_ray3_v" 123 0.049 0.000133 0.000497
"Aligned_ray3_v" 124 0.052 0.000152 0.000593
"Aligned_ray3_v" 125 0.05 0.000139 0.000594
"Aligned_ray3_v" 126 0.045 0.000117 0.000557
"Aligned_ray3_v" 127 0.044 0.000115 0.000559
"Aligned_ray3_v" 128 0.043 0.000111 0.000524
"Aligned_ray3_v" 129 0.042 0.000108 0.000493
"Aligned_ray3_v" 130 0.043 0.000116 0.000521
"Aligned_ray3_v" 131 0.045 0.000132 0.000538
"Aligned_ray3_v" 132 0.046 0.000135 0.000543
"Aligned_ray3_v" 133 0.045 0.000135 0.000554
"Aligned_ray3_v" 134 0.043 0.000121 0.00052
"Aligned_ray3_v" 135 0.043 0.000127 0.000512
"Aligned_ray3_v" 136 0.042 0.000127 0.000479
"Aligned_ray3_v" 137 0.041 0.000118 0.000457
"Aligned_ray3_v" 138 0.039 0.000109 0.000438
"Aligned_ray3_v" 139 0.04 0.000102 0.000435
"Aligned_ray3_v" 140 0.04 9.47e-05 0.000455
"Aligned_ray3_v" 141 0.041 9.51e-05 0.000467
"Aligned_ray3_v" 142 0.041 9.41e-05 0.000479
"Aligned_ray3_v" 143 0.04 9.93e-05 0.000485
"Aligned_ray3_v" 144 0.04 9.52e-05 0.000486
"Aligned_ray3_v" 145 0.039 9.02e-05 0.000452
"Aligned_ray3_v" 146 0.037 9.45e-05 0.00042
"Aligned_ray3_v" 147 0.037 0.000102 0.000419
"Aligned_ray3_v" 148 0.036 9.73e-05 0.000388
"Aligned_ray3_v" 149 0.039 0.000104 0.000426
"Aligned_ray3_v" 150 0.039 0.000104 0.000431
"Aligned_ray3_v" 151 0.041 0.000117 0.000461
"Aligned_ray3_v" 152 0.041 0.000123 0.000464
"Aligned_ray3_v" 153 0.041 0.000117 0.000463
"Aligned_ray3_v" 154 0.04 0.000104 0.000428
"Aligned_ray3_v" 155 0.039 9e-05 0.000424
"Aligned_ray3_v" 156 0.039 8.65e-05 0.000434
"Aligned_ray3_v" 157 0.04 8.9e-05 0.000459
"Aligned_ray3_v" 158 0.043 0.000107 0.00049
"Aligned_ray3_v" 159 0.044 0.000112 0.000517
"Aligned_ray3_v" 160 0.047 0.000125 0.000547
"Aligned_ray3_v" 161 0.048 0.000136 0.000559
"Aligned_ray3_v" 162 0.05 0.000144 0.000527
"Aligned_ray3_v" 163 0.048 0.000134 0.000425
"Aligned_ray3_v" 164 0.047 0.000126 0.000453
"Aligned_ray3_v" 165 0.052 0.000151 0.000564
"Aligned_ray3_v" 166 0.054 0.000164 0.000608
"Aligned_ray3_v" 167 0.05 0.000134 0.000555
"Aligned_ray3_v" 168 0.046 0.000116 0.000529
"Aligned_ray3_v" 169 0.042 9.58e-05 0.000474
"Aligned_ray3_v" 170 0.04 9.06e-05 0.000475
"Aligned_ray3_v" 171 0.038 8.05e-05 0.000451
"Aligned_ray3_v" 172 0.038 8.04e-05 0.00045
"Aligned_ray3_v" 173 0.039 8.34e-05 0.000453
"Aligned_ray3_v" 174 0.039 9.09e-05 0.000427
"Aligned_ray3_v" 175 0.041 0.000111 0.000453
"Aligned_ray3_v" 176 0.04 0.000106 0.000443
"Aligned_ray3_v" 177 0.037 8.75e-05 0.000414
"Aligned_ray3_v" 178 0.034 7.6e-05 0.000368
"Aligned_ray3_v" 179 0.033 7.6e-05 0.000333
"Aligned_ray3_v" 180 0.034 7.44e-05 0.000339
"Aligned_ray3_v" 181 0.035 7.74e-05 0.00035
"Aligned_ray3_v" 182 0.034 7.7e-05 0.000346
"Aligned_ray3_v" 183 0.034 7.44e-05 0.000332
"Aligned_ray3_v" 184 0.033 6.46e-05 0.000309
"Aligned_ray3_v" 185 0.032 6.05e-05 0.000305
"Aligned_ray3_v" 186 0.031 5.35e-05 0.000301
"Aligned_ray3_v" 187 0.032 5.77e-05 0.000329
"Aligned_ray3_v" 188 0.032 5.68e-05 0.000308
"Aligned_ray3_v" 189 0.033 5.94e-05 0.000305
"Aligned_ray3_v" 190 0.033 6.38e-05 0.000323
"Aligned_ray3_v" 191 0.033 6.8e-05 0.000344
"Aligned_ray3_v" 192 0.033 6.38e-05 0.000346
"Aligned_ray3_v" 193 0.034 6.47e-05 0.000356
"Aligned_ray3_v" 194 0.034 6.87e-05 0.000369
"Aligned_ray3_v" 195 0.035 7.27e-05 0.000374
"Aligned_ray3_v" 196 0.035 7.44e-05 0.000395
"Aligned_ray3_v" 197 0.035 7.27e-05 0.000387
"Aligned_ray3_v" 198 0.034 6.43e-05 0.000398
"Aligned_ray3_v" 199 0.034 6.11e-05 0.000404
"Aligned_ray3_v" 200 0.035 5.82e-05 0.000413
"Aligned_ray3_v" 201 0.036 6.34e-05 0.000437
"Aligned_ray3_v" 202 0.036 6.39e-05 0.000435
"Aligned_ray3_v" 203 0.035 6.08e-05 0.000377
"Aligned_ray3_v" 204 0.04 7.34e-05 0.000398
"Aligned_ray3_v" 205 0.044 9.31e-05 0.000493
"Aligned_ray3_v" 206 0.045 9.45e-05 0.000501
"Aligned_ray3_v" 207 0.044 8.39e-05 0.000486
"Aligned_ray3_v" 208 0.046 8.85e-05 0.000539
"Aligned_ray3_v" 209 0.044 9.08e-05 0.000509
"Aligned_ray3_v" 210 0.04 7.87e-05 0.000487
"Aligned_ray3_v" 211 0.039 7.41e-05 0.000481
"Aligned_ray3_v" 212 0.036 6.79e-05 0.000442
"Aligned_ray3_v" 213 0.036 6.57e-05 0.000443
"Aligned_ray3_v" 214 0.034 5.63e-05 0.000415
"Aligned_ray3_v" 215 0.033 5.08e-05 0.000396
"Aligned_ray3_v" 216 0.033 4.99e-05 0.000386
"Aligned_ray3_v" 217 0.033 5.27e-05 0.000409
"Aligned_ray3_v" 218 0.034 4.81e-05 0.000433
"Aligned_ray3_v" 219 0.033 4.48e-05 0.000426
"Aligned_ray3_v" 220 0.033 4.65e-05 0.000417
"Aligned_ray3_v" 221 0.033 4.56e-05 0.000412
"Aligned_ray3_v" 222 0.034 5.3e-05 0.000425
"Aligned_ray3_v" 223 0.033 5.39e-05 0.000414
"Aligned_ray3_v" 224 0.031 5.01e-05 0.000369
"Aligned_ray3_v" 225 0.032 5.22e-05 0.000371
"Aligned_ray3_v" 226 0.032 5.18e-05 0.000379
"Aligned_ray3_v" 227 0.033 5.36e-05 0.000381
"Aligned_ray3_v" 228 0.033 5.2e-05 0.000392
"Aligned_ray3_v" 229 0.033 5.02e-05 0.000395
"Aligned_ray3_v" 230 0.034 4.98e-05 0.000418
"Aligned_ray3_v" 231 0.033 4.51e-05 0.000414
"Aligned_ray3_v" 232 0.034 4.46e-05 0.000416
"Aligned_ray3_v" 233 0.033 4.22e-05 0.000395
"Aligned_ray3_v" 234 0.032 4.18e-05 0.000384
"Aligned_ray3_v" 235 0.033 4.37e-05 0.000384
"Aligned_ray3_v" 236 0.033 4.37e-05 0.000393
"Aligned_ray3_v" 237 0.034 4.88e-05 0.000433
"Aligned_ray3_v" 238 0.034 4.58e-05 0.000459
"Aligned_ray3_v" 239 0.036 4.67e-05 0.000477
"Aligned_ray3_v" 240 0.037 5.12e-05 0.000521
"Aligned_ray3_v" 241 0.038 5.36e-05 0.000547
